2005/05/04	NA	74	80	72	13	09
2005/05/07	NA	21	44	12	41	85
2005/05/11	NA	55	73	37	85	22
2005/05/14	NA	44	20	11	67	38
2005/05/18	NA	23	73	78	64	03
2005/05/21	NA	15	61	17	47	13
2005/05/25	NA	39	37	59	35	70
2005/05/28	NA	31	03	04	80	15
2005/06/01	NA	85	07	62	86	90
2005/06/04	NA	15	12	89	87	44
2005/06/08	NA	32	73	41	46	65
2005/06/11	NA	36	82	48	49	53
2005/06/15	NA	66	52	85	71	69
2005/06/18	NA	07	15	58	03	10
2005/06/21	NA	88	42	60	80	74
2005/06/23	NA	80	08	04	58	10
2005/06/25	NA	38	85	10	66	86
2005/06/28	NA	49	01	27	34	03
2005/06/30	NA	49	73	17	40	31
2005/07/02	NA	23	08	35	66	04
2005/07/05	NA	33	24	58	83	82
2005/07/07	NA	40	02	13	61	35
2005/07/09	NA	18	46	37	61	82
2005/07/12	NA	24	84	80	03	18
2005/07/14	NA	14	22	80	81	02
2005/07/16	NA	28	68	21	63	56
2005/07/19	NA	73	60	40	09	78
2005/07/21	NA	26	49	32	64	65
2005/07/23	NA	86	77	20	24	37
2005/07/26	NA	43	27	74	75	42
2005/07/28	NA	41	62	27	81	49
2005/07/30	NA	29	51	35	13	80
2005/08/02	NA	68	73	05	45	08
2005/08/04	NA	90	38	20	13	81
2005/08/06	NA	38	63	34	15	75
2005/08/09	NA	13	85	45	27	24
2005/08/11	NA	03	73	26	89	42
2005/08/13	NA	08	66	13	76	40
2005/08/16	NA	57	72	33	62	04
2005/08/18	NA	03	07	09	38	86
2005/08/20	NA	56	59	73	15	20
2005/08/23	NA	86	68	37	50	79
2005/08/25	NA	33	15	80	25	37
2005/08/27	NA	70	17	04	35	85
2005/08/30	NA	53	09	07	46	59
2005/09/01	NA	20	64	45	50	12
2005/09/03	NA	45	07	46	15	85
2005/09/06	NA	22	15	70	44	05
2005/09/08	NA	42	43	56	52	38
2005/09/10	NA	57	49	76	56	71
2005/09/13	NA	74	77	47	68	23
2005/09/15	NA	19	25	88	36	56
2005/09/17	NA	20	21	24	49	63
2005/09/20	NA	75	27	79	43	72
2005/09/22	NA	66	17	11	45	62
2005/09/24	NA	04	41	61	22	21
2005/09/27	NA	33	58	75	76	32
2005/09/29	NA	52	56	14	44	06
2005/10/01	NA	44	71	11	53	39
2005/10/04	NA	70	14	80	51	30
2005/10/06	NA	05	34	45	15	43
2005/10/08	NA	86	55	08	12	52
2005/10/11	NA	25	55	67	33	05
2005/10/13	NA	20	09	29	86	46
2005/10/15	NA	46	71	88	31	48
2005/10/18	NA	79	74	07	20	10
2005/10/20	NA	53	82	74	14	03
2005/10/22	NA	86	14	46	24	27
2005/10/25	NA	55	43	77	24	22
2005/10/27	NA	42	28	60	30	09
2005/10/29	NA	37	24	67	87	04
2005/11/02	NA	57	90	01	42	72
2005/11/03	NA	81	09	13	18	44
2005/11/05	NA	13	39	02	64	47
2005/11/08	NA	86	22	17	42	38
2005/11/10	NA	40	66	48	62	06
2005/11/12	NA	57	70	23	24	67
2005/11/15	NA	48	41	65	51	78
2005/11/17	NA	40	25	07	73	41
2005/11/19	NA	72	13	73	27	25
2005/11/22	NA	70	69	14	73	11
2005/11/24	NA	25	29	81	21	33
2005/11/26	NA	48	78	65	08	55
2005/11/29	NA	01	36	52	37	50
2005/12/01	NA	78	19	31	39	30
2005/12/03	NA	68	70	83	77	44
2005/12/06	NA	57	39	72	58	60
2005/12/09	NA	89	62	70	03	28
2005/12/10	NA	46	07	82	34	84
2005/12/13	NA	75	57	65	25	61
2005/12/15	NA	42	38	19	30	70
2005/12/17	NA	90	73	21	83	67
2005/12/20	NA	31	70	79	80	26
2005/12/22	NA	72	13	37	41	83
2005/12/24	NA	26	19	46	20	41
2005/12/27	NA	83	58	54	37	44
2005/12/29	NA	04	56	74	06	55
2005/12/31	NA	57	61	33	06	49
2006/01/03	NA	81	64	89	19	52
2006/01/05	NA	64	88	49	26	25
2006/01/07	NA	80	57	32	02	38
2006/01/10	NA	86	82	67	45	22
2006/01/12	NA	55	31	19	50	40
2006/01/14	NA	77	79	65	53	75
2006/01/17	NA	85	06	77	68	84
2006/01/19	NA	77	06	51	47	30
2006/01/21	NA	45	09	57	03	27
2006/01/24	NA	47	65	57	22	73
2006/01/26	NA	88	78	60	45	08
2006/01/28	NA	88	81	85	78	43
2006/01/31	NA	53	41	08	01	86
2006/02/02	NA	22	87	08	36	01
2006/02/04	NA	43	47	64	58	22
2006/02/07	NA	37	26	51	63	83
2006/02/09	NA	38	09	57	32	13
2006/02/11	NA	08	14	41	64	57
2006/02/14	NA	77	01	87	57	83
2006/02/16	NA	06	73	89	17	04
2006/02/18	NA	77	59	48	70	45
2006/02/21	NA	20	76	07	19	83
2006/02/23	NA	26	87	52	21	82
2006/02/25	NA	84	45	32	57	88
2006/02/28	NA	89	04	87	45	20
2006/03/02	NA	77	32	13	06	81
2006/03/04	NA	27	72	28	65	73
2006/03/07	NA	82	75	17	61	04
2006/03/09	NA	15	08	86	26	51
2006/03/11	NA	61	03	16	23	43
2006/03/14	NA	45	62	64	12	71
2006/03/16	NA	15	66	01	16	81
2006/03/18	NA	41	28	59	84	57
2006/03/21	NA	08	30	89	52	80
2006/03/23	NA	10	71	78	37	48
2006/03/25	NA	29	74	67	11	39
2006/03/28	NA	42	35	88	49	34
2006/03/30	NA	14	80	06	30	50
2006/04/01	NA	62	27	79	03	12
2006/04/04	NA	88	07	32	61	65
2006/04/06	NA	13	07	34	37	32
2006/04/08	NA	63	05	41	46	32
2006/04/11	NA	89	08	82	65	17
2006/04/13	NA	86	29	45	83	80
2006/04/15	NA	37	54	71	88	32
2006/04/18	NA	66	80	55	48	64
2006/04/20	NA	82	37	65	05	29
2006/04/22	NA	21	62	14	33	39
2006/04/26	NA	60	26	61	81	62
2006/04/27	NA	23	56	13	49	18
2006/04/29	NA	22	20	43	25	85
2006/05/02	NA	42	72	67	75	69
2006/05/04	NA	11	55	62	63	42
2006/05/06	NA	85	45	69	72	27
2006/05/09	NA	62	43	66	30	86
2006/05/11	NA	82	14	50	81	07
2006/05/13	NA	50	36	63	44	56
2006/05/16	NA	87	38	70	09	10
2006/05/18	NA	79	90	70	25	86
2006/05/20	NA	77	90	38	42	41
2006/05/23	NA	30	81	20	05	84
2006/05/25	NA	61	20	78	19	88
2006/05/27	NA	05	18	90	66	75
2006/05/30	NA	25	20	45	02	37
2006/06/01	NA	66	07	12	36	71
2006/06/03	NA	68	87	43	39	84
2006/06/06	NA	41	79	40	59	30
2006/06/08	NA	66	80	62	47	32
2006/06/10	NA	73	46	68	40	57
2006/06/13	NA	10	87	55	28	24
2006/06/15	NA	43	62	90	41	89
2006/06/17	NA	60	84	35	04	90
2006/06/20	NA	22	51	23	02	08
2006/06/22	NA	55	51	47	20	13
2006/06/24	NA	24	45	54	16	50
2006/06/27	NA	56	21	63	40	02
2006/06/29	NA	56	39	51	23	64
2006/07/01	NA	05	77	64	20	25
2006/07/04	NA	45	90	88	03	37
2006/07/06	NA	56	27	29	07	35
2006/07/08	NA	49	07	69	39	79
2006/07/11	NA	19	42	12	13	87
2006/07/13	NA	46	88	61	24	39
2006/07/15	NA	64	43	19	44	57
2006/07/18	NA	38	59	61	12	14
2006/07/20	NA	36	48	15	27	67
2006/07/22	NA	79	85	42	16	02
2006/07/25	NA	49	26	52	13	58
2006/07/27	NA	26	36	84	58	70
2006/07/29	NA	46	24	18	07	49
2006/08/01	NA	45	78	87	69	59
2006/08/03	NA	25	90	05	34	85
2006/08/05	NA	05	76	31	16	27
2006/08/08	NA	80	01	27	20	08
2006/08/10	NA	09	18	67	53	43
2006/08/12	NA	82	85	57	05	24
2006/08/16	NA	72	09	15	08	31
2006/08/17	NA	41	83	01	14	23
2006/08/19	NA	77	30	01	90	75
2006/08/22	NA	73	27	22	75	90
2006/08/24	NA	46	74	09	57	60
2006/08/26	NA	14	62	61	38	75
2006/08/29	NA	69	45	17	31	77
2006/08/31	NA	87	61	38	43	32
2006/09/02	NA	45	68	69	02	77
2006/09/05	NA	16	22	29	48	03
2006/09/07	NA	01	39	67	69	64
2006/09/09	NA	84	25	76	04	38
2006/09/12	NA	76	20	26	01	68
2006/09/14	NA	27	05	85	49	40
2006/09/16	NA	35	56	07	29	76
2006/09/19	NA	14	10	62	76	17
2006/09/21	NA	35	63	59	03	24
2006/09/23	NA	08	68	23	57	07
2006/09/26	NA	20	59	81	45	06
2006/09/28	NA	52	20	29	88	04
2006/09/30	NA	69	72	74	50	30
2006/10/03	NA	53	87	24	03	84
2006/10/05	NA	40	66	32	81	25
2006/10/07	NA	85	42	28	14	54
2006/10/10	NA	63	80	50	26	65
2006/10/12	NA	90	17	46	71	37
2006/10/14	NA	12	40	20	50	75
2006/10/17	NA	24	10	61	14	48
2006/10/19	NA	80	17	63	12	24
2006/10/21	NA	04	64	70	24	81
2006/10/24	NA	43	44	56	10	72
2006/10/26	NA	44	80	26	29	64
2006/10/28	NA	29	37	28	03	16
2006/10/31	NA	79	51	23	42	26
2006/11/02	NA	09	52	75	80	61
2006/11/04	NA	65	66	89	04	40
2006/11/07	NA	75	07	43	15	16
2006/11/09	NA	28	51	70	23	71
2006/11/11	NA	46	85	71	11	41
2006/11/14	NA	88	16	11	68	14
2006/11/16	NA	72	69	05	87	68
2006/11/18	NA	55	86	24	18	13
2006/11/21	NA	88	76	20	22	74
2006/11/23	NA	82	05	68	52	70
2006/11/25	NA	02	37	73	27	58
2006/11/28	NA	50	79	20	85	62
2006/11/30	NA	88	24	30	09	57
2006/12/02	NA	88	70	41	25	08
2006/12/05	NA	03	45	81	06	10
2006/12/07	NA	31	75	83	05	69
2006/12/09	NA	48	86	02	08	78
2006/12/12	NA	07	64	54	82	03
2006/12/14	NA	78	17	79	45	38
2006/12/16	NA	54	65	02	15	62
2006/12/19	NA	76	88	89	66	71
2006/12/21	NA	56	49	35	69	70
2006/12/23	NA	16	87	66	52	80
2006/12/27	NA	68	53	16	62	90
2006/12/28	NA	87	23	42	53	09
2006/12/30	NA	20	55	85	33	88
2007/01/02	NA	61	34	10	64	18
2007/01/04	NA	21	34	55	81	27
2007/01/08	NA	45	57	23	79	25
2007/01/09	NA	65	61	49	30	15
2007/01/11	NA	90	10	14	61	67
2007/01/13	NA	89	08	58	53	38
2007/01/16	NA	11	24	27	02	33
2007/01/18	NA	07	23	25	60	26
2007/01/20	NA	64	15	79	85	62
2007/01/23	NA	20	74	30	26	35
2007/01/25	NA	53	84	46	09	33
2007/01/27	NA	44	35	33	53	90
2007/01/30	NA	01	33	72	38	29
2007/02/01	NA	27	77	39	74	41
2007/02/03	NA	58	64	75	31	16
2007/02/06	NA	39	33	06	56	09
2007/02/08	NA	03	74	86	59	29
2007/02/10	NA	77	57	74	06	56
2007/02/13	NA	88	46	05	41	47
2007/02/15	NA	78	20	29	58	06
2007/02/17	NA	90	42	76	59	02
2007/02/20	NA	82	74	87	22	21
2007/02/22	NA	72	47	56	12	60
2007/02/24	NA	01	42	78	79	56
2007/02/27	NA	20	71	38	14	90
2007/03/01	NA	65	81	16	26	79
2007/03/03	NA	57	90	09	08	54
2007/03/06	NA	01	21	82	61	57
2007/03/08	NA	90	54	16	18	79
2007/03/10	NA	22	59	58	69	36
2007/03/13	NA	13	18	50	22	47
2007/03/15	NA	61	42	24	35	56
2007/03/17	NA	55	26	50	31	82
2007/03/20	NA	71	81	05	04	43
2007/03/22	NA	34	11	40	59	84
2007/03/24	NA	63	76	35	85	15
2007/03/27	NA	43	46	52	75	02
2007/03/29	NA	21	34	83	55	18
2007/03/31	NA	70	64	44	61	76
2007/04/03	NA	16	13	14	75	32
2007/04/05	NA	02	15	25	57	28
2007/04/07	NA	81	62	38	41	45
2007/04/10	NA	66	51	88	55	50
2007/04/12	NA	76	34	39	26	64
2007/04/14	NA	46	48	18	10	51
2007/04/17	NA	85	66	70	40	76
2007/04/19	NA	65	77	12	61	20
2007/04/21	NA	43	05	34	66	82
2007/04/24	NA	40	47	05	26	89
2007/04/26	NA	36	87	74	62	75
2007/04/28	NA	37	21	83	73	41
2007/05/02	NA	20	81	11	73	72
2007/05/03	NA	20	90	88	45	39
2007/05/05	NA	69	84	66	36	12
2007/05/08	NA	35	30	78	72	40
2007/05/10	NA	55	83	15	73	44
2007/05/12	NA	52	31	27	71	75
2007/05/15	NA	78	13	52	60	74
2007/05/17	NA	79	28	12	11	54
2007/05/19	NA	07	47	09	76	26
2007/05/22	NA	88	52	08	77	17
2007/05/24	NA	19	88	87	07	20
2007/05/26	NA	68	60	34	01	71
2007/05/29	NA	16	39	87	45	51
2007/05/31	NA	38	26	32	70	52
2007/06/04	NA	17	70	86	67	45
2007/06/05	NA	29	43	73	48	66
2007/06/07	NA	69	89	45	20	71
2007/06/09	NA	26	71	07	79	18
2007/06/12	NA	14	11	54	01	87
2007/06/14	NA	86	59	13	61	06
2007/06/16	NA	29	73	06	38	13
2007/06/19	NA	80	13	45	72	63
2007/06/21	NA	10	69	43	07	73
2007/06/23	NA	15	12	73	48	82
2007/06/26	NA	70	47	41	48	55
2007/06/28	NA	83	62	78	76	30
2007/06/30	NA	69	51	53	58	84
2007/07/03	NA	79	69	07	25	08
2007/07/05	NA	08	67	01	57	84
2007/07/07	NA	77	21	53	28	36
2007/07/10	NA	53	14	50	60	83
2007/07/12	NA	51	61	15	22	81
2007/07/14	NA	63	78	69	85	38
2007/07/17	NA	69	86	50	33	23
2007/07/19	NA	30	02	23	31	88
2007/07/21	NA	64	69	22	88	73
2007/07/24	NA	73	30	14	58	87
2007/07/26	NA	20	05	43	69	06
2007/07/28	NA	63	71	32	54	07
2007/07/31	NA	84	33	61	60	70
2007/08/02	NA	16	36	29	51	13
2007/08/04	NA	87	43	90	47	75
2007/08/07	NA	67	02	37	72	24
2007/08/09	NA	34	17	59	63	81
2007/08/11	NA	62	45	51	29	71
2007/08/14	NA	52	39	45	40	66
2007/08/16	NA	16	38	13	80	06
2007/08/18	NA	88	46	64	49	90
2007/08/21	NA	45	68	35	21	85
2007/08/23	NA	49	86	56	82	11
2007/08/25	NA	23	89	22	83	72
2007/08/28	NA	81	48	46	63	11
2007/08/30	NA	60	54	83	68	73
2007/09/01	NA	57	60	73	89	16
2007/09/04	NA	05	42	73	06	69
2007/09/06	NA	70	22	44	72	63
2007/09/08	NA	32	39	81	13	52
2007/09/11	NA	39	22	41	01	17
2007/09/13	NA	23	81	56	15	14
2007/09/15	NA	64	70	19	16	68
2007/09/18	NA	56	79	04	54	13
2007/09/20	NA	10	33	36	14	37
2007/09/22	NA	86	05	81	70	88
2007/09/25	NA	22	74	09	70	78
2007/09/27	NA	23	66	84	28	25
2007/09/29	NA	08	90	79	85	22
2007/10/02	NA	23	33	52	22	13
2007/10/04	NA	33	25	72	68	48
2007/10/06	NA	03	54	89	87	61
2007/10/09	NA	57	16	86	35	39
2007/10/11	NA	37	35	76	70	59
2007/10/13	NA	41	22	53	54	14
2007/10/16	NA	72	34	11	59	31
2007/10/18	NA	24	21	50	33	85
2007/10/20	NA	20	52	40	61	81
2007/10/23	NA	01	15	57	40	03
2007/10/25	NA	89	09	84	57	71
2007/10/27	NA	39	16	62	52	20
2007/10/30	NA	63	37	27	38	19
2007/11/02	NA	72	40	02	31	77
2007/11/03	NA	31	88	21	78	69
2007/11/06	NA	18	64	29	31	59
2007/11/08	NA	72	71	10	12	90
2007/11/10	NA	50	74	43	51	81
2007/11/13	NA	33	39	20	16	59
2007/11/15	NA	04	30	37	22	39
2007/11/17	NA	68	44	21	72	80
2007/11/20	NA	75	07	67	59	65
2007/11/22	NA	61	14	79	63	38
2007/11/24	NA	26	46	37	49	63
2007/11/27	NA	02	58	24	64	08
2007/11/29	NA	17	44	14	78	90
2007/12/01	NA	06	19	20	58	86
2007/12/04	NA	85	76	14	28	86
2007/12/06	NA	37	61	72	52	38
2007/12/10	NA	30	68	77	75	20
2007/12/11	NA	09	47	57	05	56
2007/12/13	NA	39	22	15	78	13
2007/12/15	NA	25	71	77	29	67
2007/12/18	NA	80	23	87	62	90
2007/12/20	NA	13	32	29	02	63
2007/12/22	NA	50	35	26	72	66
2007/12/24	NA	29	89	68	69	79
2007/12/27	NA	72	04	19	12	50
2007/12/29	NA	74	85	61	23	06
2008/01/02	NA	90	13	60	62	73
2008/01/03	NA	20	41	06	28	33
2008/01/05	NA	16	67	35	90	40
2008/01/08	NA	84	72	59	45	58
2008/01/10	NA	44	89	35	43	50
2008/01/12	NA	52	69	14	70	57
2008/01/15	NA	50	80	81	08	65
2008/01/17	NA	21	76	05	37	46
2008/01/19	NA	61	37	71	16	08
2008/01/22	NA	56	47	16	82	80
2008/01/24	NA	33	54	18	19	23
2008/01/26	NA	15	76	36	02	59
2008/01/29	NA	70	20	31	87	67
2008/01/31	NA	77	33	26	11	80
2008/02/02	NA	18	38	80	81	60
2008/02/05	NA	83	72	61	19	80
2008/02/07	NA	30	41	55	82	64
2008/02/09	NA	30	20	76	11	04
2008/02/12	NA	64	30	38	03	80
2008/02/14	NA	73	80	05	88	59
2008/02/16	NA	16	13	65	11	86
2008/02/19	NA	60	37	76	08	45
2008/02/21	NA	46	25	19	42	28
2008/02/23	NA	80	32	79	48	50
2008/02/26	NA	40	74	28	60	55
2008/02/28	NA	56	50	78	25	20
2008/03/01	NA	23	27	59	63	16
2008/03/04	NA	54	13	45	90	16
2008/03/06	NA	51	10	21	23	58
2008/03/08	NA	21	11	28	18	55
2008/03/11	NA	41	83	20	89	58
2008/03/13	NA	62	35	66	76	61
2008/03/15	NA	83	82	24	50	54
2008/03/18	NA	41	40	78	80	30
2008/03/20	NA	38	57	22	36	30
2008/03/22	NA	87	74	32	15	09
2008/03/25	NA	36	27	56	25	75
2008/03/27	NA	58	15	53	70	56
2008/03/29	NA	17	78	52	76	13
2008/04/01	NA	09	31	54	44	11
2008/04/03	NA	61	68	05	34	71
2008/04/05	NA	52	32	16	49	34
2008/04/08	NA	49	42	39	79	01
2008/04/10	NA	76	13	20	33	43
2008/04/12	NA	58	52	11	18	72
2008/04/15	NA	46	33	17	02	45
2008/04/17	NA	87	35	73	30	70
2008/04/19	NA	41	53	75	77	60
2008/04/22	NA	88	24	49	03	29
2008/04/24	NA	43	67	26	11	18
2008/04/26	NA	83	60	17	52	34
2008/04/29	NA	33	53	13	45	22
2008/05/02	NA	71	01	88	13	07
2008/05/03	NA	39	69	59	38	22
2008/05/06	NA	80	57	54	85	36
2008/05/08	NA	47	40	12	43	16
2008/05/10	NA	25	51	34	20	75
2008/05/13	NA	39	26	51	52	29
2008/05/15	NA	07	77	83	18	05
2008/05/17	NA	66	51	68	46	79
2008/05/20	NA	42	47	06	36	64
2008/05/22	NA	81	50	19	13	15
2008/05/24	NA	16	06	02	19	79
2008/05/27	NA	50	25	34	77	55
2008/05/29	NA	75	02	38	76	59
2008/05/31	NA	16	39	01	21	68
2008/06/03	NA	26	81	13	51	75
2008/06/05	NA	51	13	23	64	53
2008/06/07	NA	26	36	39	58	90
2008/06/10	NA	67	20	69	90	75
2008/06/12	NA	57	61	69	46	01
2008/06/14	NA	20	84	41	57	75
2008/06/17	NA	51	02	50	01	52
2008/06/19	NA	31	35	40	09	45
2008/06/21	NA	08	81	23	22	46
2008/06/24	NA	56	65	14	40	09
2008/06/26	NA	35	14	89	02	65
2008/06/28	NA	06	09	48	16	47
2008/07/01	NA	54	50	70	23	24
2008/07/03	NA	19	45	70	29	31
2008/07/05	NA	77	59	35	83	08
2008/07/08	NA	26	88	65	56	27
2008/07/10	NA	52	19	08	43	64
2008/07/12	NA	16	71	67	51	76
2008/07/15	NA	21	41	49	02	55
2008/07/17	NA	34	81	31	83	37
2008/07/19	NA	04	13	64	07	82
2008/07/22	NA	78	59	71	09	82
2008/07/24	NA	15	36	24	29	89
2008/07/26	NA	44	70	90	48	65
2008/07/29	NA	37	56	51	32	57
2008/07/31	NA	20	63	03	19	72
2008/08/02	NA	49	25	77	73	47
2008/08/05	NA	60	65	35	51	84
2008/08/07	NA	52	18	19	24	88
2008/08/09	NA	23	78	63	41	64
2008/08/12	NA	69	65	18	72	85
2008/08/14	NA	32	76	48	71	44
2008/08/16	NA	64	05	43	83	32
2008/08/19	NA	66	75	23	86	27
2008/08/21	NA	37	23	65	21	32
2008/08/23	NA	37	80	46	26	24
2008/08/26	NA	23	43	67	29	14
2008/08/28	NA	39	13	64	68	90
2008/08/30	NA	33	73	83	37	88
2008/09/02	NA	29	52	38	17	62
2008/09/04	NA	27	66	23	35	48
2008/09/06	NA	02	84	03	86	65
2008/09/09	NA	03	57	34	68	71
2008/09/11	NA	53	65	02	48	15
2008/09/13	NA	58	51	73	16	64
2008/09/16	NA	21	81	16	62	64
2008/09/18	NA	57	10	34	87	41
2008/09/20	NA	12	39	67	01	75
2008/09/23	NA	58	15	46	19	64
2008/09/25	NA	53	89	32	42	12
2008/09/27	NA	20	29	78	36	16
2008/09/30	NA	05	46	39	02	15
2008/10/02	NA	68	83	77	30	04
2008/10/04	NA	88	27	43	38	76
2008/10/07	NA	79	41	72	02	30
2008/10/09	NA	44	72	36	40	66
2008/10/11	NA	61	89	66	82	31
2008/10/14	NA	61	76	42	77	39
2008/10/16	NA	22	70	36	55	13
2008/10/18	NA	48	58	08	88	13
2008/10/21	NA	81	84	60	40	16
2008/10/23	NA	81	07	21	48	47
2008/10/25	NA	13	03	42	88	79
2008/10/28	NA	50	90	75	45	06
2008/10/30	NA	25	71	18	06	79
2008/11/03	NA	42	49	53	79	19
2008/11/04	NA	85	43	30	28	87
2008/11/06	NA	24	82	28	80	29
2008/11/08	NA	37	55	38	42	82
2008/11/11	NA	61	71	82	13	85
2008/11/13	NA	31	89	12	77	58
2008/11/15	NA	52	30	90	61	21
2008/11/18	NA	04	13	68	78	86
2008/11/20	NA	39	16	11	13	02
2008/11/22	NA	50	79	37	82	16
2008/11/25	NA	81	54	17	74	31
2008/11/27	NA	27	18	35	49	80
2008/11/29	NA	61	69	44	29	39
2008/12/02	NA	86	60	03	22	34
2008/12/04	NA	81	45	19	18	64
2008/12/06	NA	86	03	44	02	07
2008/12/09	NA	65	41	87	48	17
2008/12/11	NA	84	87	66	02	53
2008/12/13	NA	76	88	39	82	89
2008/12/16	NA	20	86	23	80	81
2008/12/18	NA	26	59	52	13	41
2008/12/20	NA	14	53	62	27	18
2008/12/23	NA	69	51	43	46	33
2008/12/24	NA	82	61	31	49	13
2008/12/27	NA	25	58	10	24	84
2008/12/30	NA	32	39	88	69	12
2009/01/02	NA	19	30	69	35	37
2009/01/03	NA	25	08	89	43	27
2009/01/07	NA	14	12	83	03	51
2009/01/08	NA	23	80	73	67	56
2009/01/10	NA	60	20	80	74	22
2009/01/13	NA	55	52	58	56	15
2009/01/15	NA	08	55	90	80	85
2009/01/17	NA	64	25	72	57	51
2009/01/20	NA	35	56	88	24	63
2009/01/22	NA	82	16	81	45	38
2009/01/24	NA	13	28	36	19	72
2009/01/27	NA	65	90	29	35	24
2009/01/29	NA	86	79	74	66	64
2009/01/31	NA	08	71	51	20	40
2009/02/03	NA	49	20	71	74	63
2009/02/05	NA	27	07	06	36	23
2009/02/07	NA	23	16	06	69	14
2009/02/10	NA	80	02	68	45	71
2009/02/12	NA	32	67	66	81	68
2009/02/14	NA	68	49	14	69	79
2009/02/17	NA	20	23	73	71	65
2009/02/19	NA	32	10	70	15	02
2009/02/21	NA	06	33	49	29	90
2009/02/24	NA	81	44	18	55	26
2009/02/26	NA	73	52	58	74	63
2009/02/28	NA	56	45	75	81	23
2009/03/03	NA	45	05	60	67	12
2009/03/05	NA	70	41	33	54	13
2009/03/07	NA	45	33	80	21	04
2009/03/10	NA	78	27	08	64	72
2009/03/12	NA	10	63	57	74	23
2009/03/14	NA	46	84	01	23	06
2009/03/17	NA	03	76	44	34	82
2009/03/19	NA	54	51	34	45	88
2009/03/21	NA	04	61	19	80	17
2009/03/24	NA	09	13	02	16	50
2009/03/26	NA	70	46	78	65	19
2009/03/28	NA	72	06	43	28	70
2009/03/31	NA	04	36	58	84	24
2009/04/02	NA	12	76	59	83	73
2009/04/04	NA	27	18	21	56	25
2009/04/07	NA	54	31	70	47	68
2009/04/09	NA	02	79	07	52	27
2009/04/11	NA	90	59	36	02	77
2009/04/14	NA	83	88	80	75	20
2009/04/16	NA	38	83	06	63	67
2009/04/18	NA	48	71	21	78	38
2009/04/21	NA	59	49	15	08	19
2009/04/23	NA	40	24	75	59	41
2009/04/27	NA	69	59	75	38	66
2009/04/28	NA	11	66	58	49	07
2009/04/30	NA	89	01	02	65	06
2009/05/02	NA	45	10	32	26	07
2009/05/05	NA	19	10	89	50	22
2009/05/07	NA	69	45	78	09	15
2009/05/09	NA	11	63	56	37	67
2009/05/12	NA	47	80	08	52	22
2009/05/14	NA	73	82	63	31	42
2009/05/16	NA	39	86	15	66	24
2009/05/19	NA	81	12	13	22	69
2009/05/21	NA	11	54	37	43	01
2009/05/23	NA	43	67	23	28	78
2009/05/26	NA	35	20	03	90	45
2009/05/28	NA	05	79	46	65	34
2009/05/30	NA	17	86	57	27	14
2009/06/03	NA	79	88	43	80	73
2009/06/04	NA	69	06	04	11	58
2009/06/06	NA	14	21	77	38	15
2009/06/09	NA	47	49	36	73	86
2009/06/11	NA	59	61	73	46	53
2009/06/13	NA	08	29	36	80	14
2009/06/16	NA	63	24	49	60	35
2009/06/18	NA	52	77	59	58	80
2009/06/20	NA	78	29	03	64	69
2009/06/23	NA	38	12	89	31	10
2009/06/25	NA	52	20	23	12	29
2009/06/27	NA	29	51	09	43	49
2009/06/30	NA	56	05	66	59	10
2009/07/02	NA	69	36	34	24	61
2009/07/04	NA	34	60	23	32	05
2009/07/07	NA	78	75	86	29	58
2009/07/09	NA	86	24	51	45	03
2009/07/11	NA	46	13	21	47	19
2009/07/14	NA	87	23	19	15	88
2009/07/16	NA	86	66	57	42	67
2009/07/18	NA	85	84	86	43	81
2009/07/21	NA	68	40	39	60	79
2009/07/23	NA	40	75	56	23	42
2009/07/25	NA	42	31	78	38	21
2009/07/28	NA	12	08	30	46	26
2009/07/30	NA	44	09	70	55	90
2009/08/01	NA	59	17	24	54	70
2009/08/04	NA	12	86	06	13	30
2009/08/06	NA	09	87	20	47	35
2009/08/08	NA	53	33	17	43	50
2009/08/11	NA	52	22	66	89	37
2009/08/13	NA	70	12	38	43	44
2009/08/17	NA	15	25	81	59	23
2009/08/18	NA	02	44	47	28	13
2009/08/20	NA	80	56	52	28	43
2009/08/22	NA	31	65	85	25	88
2009/08/25	NA	27	22	26	08	21
2009/08/27	NA	12	47	88	14	46
2009/08/29	NA	20	70	79	39	45
2009/09/01	NA	59	77	19	73	41
2009/09/03	NA	77	80	53	76	88
2009/09/05	NA	39	49	85	18	25
2009/09/08	NA	17	76	58	41	84
2009/09/10	NA	56	79	68	10	52
2009/09/12	NA	85	21	06	65	64
2009/09/15	NA	61	11	66	80	26
2009/09/17	NA	05	32	73	06	59
2009/09/19	NA	05	06	35	32	17
2009/09/22	NA	03	19	49	60	30
2009/09/24	NA	05	14	87	85	47
2009/09/26	NA	90	48	12	51	83
2009/09/29	NA	12	34	06	41	68
2009/10/01	NA	37	02	40	75	56
2009/10/03	NA	82	48	57	08	78
2009/10/06	NA	90	83	14	30	56
2009/10/08	NA	41	08	44	86	62
2009/10/10	NA	33	64	04	41	69
2009/10/13	NA	35	20	80	31	49
2009/10/15	NA	85	83	66	71	35
2009/10/17	NA	63	80	16	54	06
2009/10/20	NA	20	82	35	54	76
2009/10/22	NA	85	34	36	40	01
2009/10/24	NA	55	74	45	67	23
2009/10/27	NA	64	79	33	51	73
2009/10/29	NA	56	82	87	04	53
2009/10/31	NA	38	36	29	20	66
2009/11/03	NA	82	37	39	53	28
2009/11/05	NA	80	52	08	83	51
2009/11/07	NA	89	11	41	71	14
2009/11/10	NA	13	08	49	10	06
2009/11/12	NA	59	25	83	78	28
2009/11/14	NA	83	46	62	86	72
2009/11/17	NA	15	61	69	34	43
2009/11/19	NA	39	74	07	19	76
2009/11/21	NA	66	19	71	21	32
2009/11/24	NA	05	36	45	21	52
2009/11/26	NA	36	85	84	60	37
2009/11/28	NA	75	33	32	51	67
2009/12/01	NA	38	90	41	66	45
2009/12/03	NA	42	26	83	69	60
2009/12/05	NA	69	73	14	10	85
2009/12/09	NA	47	56	51	10	82
2009/12/10	NA	75	73	54	36	67
2009/12/12	NA	79	21	87	26	67
2009/12/15	NA	44	10	60	75	59
2009/12/17	NA	71	49	06	10	77
2009/12/19	NA	39	01	48	73	36
2009/12/22	NA	65	76	27	79	69
2009/12/24	NA	82	16	47	86	45
2009/12/28	NA	27	25	67	90	84
2009/12/29	NA	25	60	74	89	64
2009/12/31	NA	74	90	22	32	39
2010/01/02	NA	17	13	69	03	79
2010/01/05	NA	07	83	06	38	84
2010/01/07	NA	64	72	33	01	11
2010/01/09	NA	80	49	09	03	08
2010/01/12	NA	36	35	08	20	64
2010/01/14	NA	17	15	44	52	10
2010/01/16	NA	90	77	41	31	62
2010/01/19	NA	40	03	45	75	55
2010/01/21	NA	29	67	13	39	47
2010/01/23	NA	39	30	12	60	40
2010/01/26	NA	60	83	05	06	85
2010/01/28	NA	78	82	08	32	69
2010/01/30	NA	56	75	73	19	01
2010/02/02	NA	40	79	09	01	07
2010/02/04	NA	75	82	53	76	56
2010/02/06	NA	87	50	71	83	42
2010/02/09	NA	10	70	37	89	24
2010/02/11	NA	44	14	68	10	06
2010/02/13	NA	79	73	25	85	38
2010/02/16	NA	56	47	16	78	04
2010/02/18	NA	15	79	29	57	47
2010/02/20	NA	34	80	82	66	84
2010/02/23	NA	56	37	42	75	88
2010/02/25	NA	73	03	13	46	16
2010/02/27	NA	34	80	63	28	18
2010/03/02	NA	06	26	86	33	56
2010/03/04	NA	13	47	48	67	24
2010/03/06	NA	18	45	64	32	27
2010/03/09	NA	13	45	50	10	37
2010/03/11	NA	77	11	87	76	10
2010/03/13	NA	08	66	11	09	15
2010/03/16	NA	75	04	81	36	56
2010/03/18	NA	68	78	38	58	67
2010/03/20	NA	38	80	74	39	79
2010/03/23	NA	85	65	55	82	06
2010/03/25	NA	76	81	20	80	19
2010/03/27	NA	65	15	76	40	78
2010/03/30	NA	20	70	27	54	60
2010/04/01	NA	10	16	68	84	63
2010/04/03	NA	33	53	81	77	11
2010/04/06	NA	26	12	11	19	31
2010/04/08	NA	42	57	79	14	70
2010/04/10	NA	50	25	26	22	46
2010/04/13	NA	57	27	05	48	01
2010/04/15	NA	83	73	24	89	74
2010/04/17	NA	19	48	90	49	14
2010/04/20	NA	28	32	08	44	80
2010/04/22	NA	81	40	08	14	85
2010/04/24	NA	82	55	26	41	68
2010/04/27	NA	68	36	83	28	32
2010/04/29	NA	05	60	02	14	03
2010/05/03	NA	89	74	41	17	63
2010/05/04	NA	42	40	13	01	82
2010/05/06	NA	77	72	62	53	11
2010/05/08	NA	25	69	08	78	54
2010/05/11	NA	53	27	38	20	07
2010/05/13	NA	45	10	26	08	65
2010/05/15	NA	18	38	33	69	35
2010/05/18	NA	45	62	16	60	69
2010/05/20	NA	39	37	53	64	22
2010/05/22	NA	09	24	62	63	34
2010/05/25	NA	73	60	59	12	28
2010/05/27	NA	44	68	13	49	30
2010/05/29	NA	14	55	04	48	83
2010/06/01	NA	20	30	34	71	28
2010/06/03	NA	48	86	36	11	05
2010/06/05	NA	10	17	90	38	22
2010/06/08	NA	34	11	10	63	22
2010/06/10	NA	35	89	72	90	44
2010/06/12	NA	84	17	72	64	73
2010/06/15	NA	90	13	33	10	08
2010/06/17	NA	58	75	54	90	67
2010/06/19	NA	37	82	76	84	35
2010/06/22	NA	61	83	66	43	21
2010/06/24	NA	19	76	17	07	67
2010/06/26	NA	24	28	58	83	53
2010/06/29	NA	46	73	18	72	88
2010/07/01	NA	71	08	89	43	73
2010/07/03	NA	13	60	02	10	90
2010/07/06	NA	38	43	52	07	63
2010/07/08	NA	88	09	35	04	77
2010/07/10	NA	71	84	43	50	76
2010/07/13	NA	57	76	71	53	18
2010/07/15	NA	24	16	52	79	10
2010/07/17	NA	36	67	41	02	17
2010/07/20	NA	53	26	17	10	37
2010/07/22	NA	28	31	16	20	70
2010/07/24	NA	18	28	80	44	55
2010/07/27	NA	80	13	04	27	83
2010/07/29	NA	59	01	78	79	35
2010/07/31	NA	33	60	25	90	15
2010/08/03	NA	57	64	32	81	69
2010/08/05	NA	47	14	59	87	04
2010/08/07	NA	82	06	33	60	46
2010/08/10	NA	47	49	29	64	63
2010/08/12	NA	57	40	06	76	70
2010/08/14	NA	25	27	83	43	49
2010/08/17	NA	08	14	05	36	03
2010/08/19	NA	55	25	62	36	37
2010/08/21	NA	12	29	23	68	57
2010/08/24	NA	90	17	52	33	63
2010/08/26	NA	48	86	11	52	12
2010/08/28	NA	14	25	19	34	83
2010/08/31	NA	44	71	27	48	34
2010/09/02	NA	85	65	64	24	52
2010/09/04	NA	10	60	38	03	45
2010/09/07	NA	75	02	11	34	61
2010/09/09	NA	42	46	23	73	16
2010/09/11	NA	47	01	89	80	23
2010/09/14	NA	76	12	65	17	07
2010/09/16	NA	62	25	73	70	34
2010/09/18	NA	68	81	31	72	33
2010/09/21	NA	26	80	32	39	63
2010/09/23	NA	73	61	39	27	26
2010/09/25	NA	59	39	18	41	21
2010/09/28	NA	37	83	10	14	08
2010/09/30	NA	56	61	17	90	32
2010/10/02	NA	02	43	59	88	28
2010/10/05	NA	18	04	77	05	57
2010/10/07	NA	31	30	07	75	09
2010/10/09	NA	06	55	31	35	43
2010/10/12	NA	12	76	55	20	07
2010/10/14	NA	64	49	30	86	03
2010/10/16	NA	70	34	62	81	24
2010/10/19	NA	74	79	12	88	02
2010/10/21	NA	44	65	02	23	78
2010/10/23	NA	65	36	70	23	42
2010/10/26	NA	42	13	53	66	10
2010/10/28	NA	65	20	68	44	69
2010/10/30	NA	12	85	60	09	17
2010/11/02	NA	17	35	30	61	55
2010/11/04	NA	54	85	31	86	89
2010/11/06	NA	33	86	24	06	70
2010/11/09	NA	66	45	71	46	53
2010/11/11	NA	45	16	30	20	13
2010/11/13	NA	07	25	90	57	39
2010/11/16	NA	89	09	84	22	72
2010/11/18	NA	64	40	56	08	20
2010/11/20	NA	64	87	60	09	50
2010/11/23	NA	36	54	03	44	06
2010/11/25	NA	86	58	79	64	32
2010/11/27	NA	31	14	46	51	04
2010/11/30	NA	35	50	71	81	61
2010/12/02	NA	46	29	07	69	74
2010/12/04	NA	26	83	04	76	05
2010/12/07	NA	29	39	34	40	75
2010/12/09	NA	16	64	46	15	61
2010/12/11	NA	33	80	22	09	53
2010/12/14	NA	70	30	38	87	56
2010/12/16	NA	51	12	08	30	79
2010/12/18	NA	24	22	16	53	18
2010/12/21	NA	57	58	32	60	73
2010/12/23	NA	40	55	41	82	90
2010/12/23	NA	40	55	41	82	90
2010/12/27	NA	57	50	12	66	67
2010/12/28	NA	81	17	61	11	58
2010/12/30	NA	87	85	40	01	65
2011/01/03	NA	76	81	07	27	71
2011/01/04	NA	53	09	61	83	01
2011/01/07	NA	14	71	73	37	69
2011/01/08	NA	66	34	31	72	37
2011/01/11	NA	23	37	15	16	07
2011/01/13	NA	22	45	29	79	36
2011/01/15	NA	29	70	56	21	68
2011/01/18	NA	27	68	47	64	82
2011/01/20	NA	76	04	85	45	25
2011/01/22	NA	66	65	04	84	88
2011/01/25	NA	40	37	20	39	13
2011/01/27	NA	75	72	83	16	17
2011/01/29	NA	01	25	51	79	14
2011/02/01	NA	82	04	05	24	64
2011/02/03	NA	78	69	55	27	70
2011/02/05	NA	32	66	42	10	74
2011/02/08	NA	31	69	55	10	75
2011/02/10	NA	01	55	49	31	88
2011/02/12	NA	90	51	21	81	06
2011/02/15	NA	40	71	64	51	03
2011/02/17	NA	54	03	68	06	62
2011/02/19	NA	76	67	32	11	56
2011/02/22	NA	62	27	55	19	83
2011/02/24	NA	83	57	61	51	72
2011/02/26	NA	61	42	84	72	64
2011/03/01	NA	45	03	18	76	24
2011/03/03	NA	87	76	65	38	46
2011/03/05	NA	02	01	36	14	85
2011/03/08	NA	44	45	73	87	29
2011/03/10	NA	05	66	45	36	31
2011/03/12	NA	82	09	66	07	90
2011/03/15	NA	35	12	36	05	79
2011/03/18	NA	41	70	12	77	22
2011/03/19	NA	51	79	40	35	69
2011/03/22	NA	54	20	45	51	88
2011/03/24	NA	14	42	83	77	22
2011/03/26	NA	16	69	39	13	22
2011/03/29	NA	29	08	62	34	33
2011/03/31	NA	87	90	14	59	30
2011/04/02	NA	47	20	90	81	84
2011/04/05	NA	44	46	52	48	07
2011/04/07	NA	48	34	02	86	67
2011/04/09	NA	64	48	13	74	55
2011/04/12	NA	01	49	89	75	53
2011/04/14	NA	23	28	80	31	86
2011/04/16	NA	63	26	64	35	09
2011/04/19	NA	40	36	70	53	90
2011/04/21	NA	04	16	38	05	43
2011/04/23	NA	52	84	08	33	74
2011/04/26	NA	80	50	76	71	59
2011/04/28	NA	87	85	76	43	48
2011/04/30	NA	07	55	54	29	70
2011/05/03	NA	39	40	55	83	12
2011/05/05	NA	75	51	49	25	22
2011/05/07	NA	87	55	39	78	81
2011/05/10	NA	20	28	46	47	03
2011/05/12	NA	25	71	49	43	72
2011/05/14	NA	24	17	54	37	31
2011/05/17	NA	73	78	27	40	05
2011/05/19	NA	12	23	81	76	74
2011/05/21	NA	44	63	09	19	83
2011/05/24	NA	79	32	43	28	33
2011/05/26	NA	20	61	81	72	22
2011/05/28	NA	85	50	79	10	51
2011/05/31	NA	62	84	15	56	44
2011/06/03	NA	16	68	70	57	26
2011/06/04	NA	72	29	90	47	65
2011/06/07	NA	27	45	41	35	03
2011/06/09	NA	27	36	62	41	80
2011/06/11	NA	45	30	69	32	25
2011/06/14	NA	49	42	77	38	36
2011/06/16	NA	12	76	25	20	52
2011/06/18	NA	21	49	38	54	51
2011/06/21	NA	64	78	86	16	33
2011/06/23	NA	41	75	30	84	37
2011/06/25	NA	76	18	19	73	46
2011/06/28	NA	86	05	24	43	61
2011/06/30	NA	03	38	25	66	59
2011/07/02	NA	26	74	68	13	65
2011/07/05	NA	37	71	22	77	63
2011/07/07	NA	90	69	42	72	33
2011/07/09	NA	54	26	71	77	76
2011/07/12	NA	52	87	22	78	73
2011/07/14	NA	18	30	21	27	08
2011/07/16	NA	11	12	50	22	89
2011/07/19	NA	31	86	47	43	10
2011/07/21	NA	82	63	74	41	47
2011/07/23	NA	04	43	23	26	32
2011/07/26	NA	85	37	30	12	64
2011/07/28	NA	87	49	40	84	47
2011/07/30	NA	85	64	48	41	21
2011/08/02	NA	39	83	59	90	43
2011/08/04	NA	58	89	73	02	06
2011/08/06	NA	24	53	03	55	71
2011/08/09	NA	55	47	82	40	84
2011/08/11	NA	73	57	29	42	12
2011/08/13	NA	15	63	48	51	67
2011/08/16	NA	75	11	40	35	84
2011/08/18	NA	54	86	67	26	27
2011/08/20	NA	38	74	04	43	81
2011/08/23	NA	08	35	03	23	27
2011/08/25	NA	12	89	44	56	76
2011/08/27	NA	51	77	02	59	01
2011/08/30	NA	72	10	33	17	67
2011/09/01	NA	74	59	05	43	45
2011/09/03	NA	27	66	53	32	07
2011/09/06	NA	12	77	50	57	80
2011/09/08	NA	62	47	60	14	29
2011/09/10	NA	06	87	53	74	21
2011/09/13	NA	26	60	86	42	48
2011/09/15	NA	20	60	38	28	84
2011/09/17	NA	50	01	07	18	44
2011/09/20	NA	73	89	68	85	88
2011/09/22	NA	66	38	35	26	52
2011/09/24	NA	89	50	54	30	18
2011/09/27	NA	13	60	50	65	25
2011/09/29	NA	24	30	70	12	13
2011/10/01	NA	83	07	19	09	57
2011/10/04	NA	76	71	07	17	60
2011/10/06	NA	30	31	40	60	46
2011/10/08	NA	23	12	10	78	49
2011/10/11	NA	78	65	17	66	42
2011/10/13	NA	14	09	16	13	44
2011/10/15	NA	59	42	30	82	54
2011/10/18	NA	22	86	21	14	73
2011/10/20	NA	67	02	37	82	42
2011/10/22	NA	14	89	22	11	44
2011/10/25	NA	74	11	35	12	21
2011/10/27	NA	90	77	55	88	12
2011/10/29	NA	21	38	81	76	74
2011/11/02	NA	21	78	59	44	40
2011/11/03	NA	39	10	78	26	47
2011/11/05	NA	20	51	02	26	01
2011/11/08	NA	61	57	04	09	31
2011/11/10	NA	03	78	12	41	32
2011/11/12	NA	45	69	15	02	78
2011/11/15	NA	63	42	90	80	19
2011/11/17	NA	70	71	88	49	58
2011/11/19	NA	51	28	17	22	79
2011/11/22	NA	39	31	24	66	76
2011/11/24	NA	06	65	32	02	86
2011/11/26	NA	20	57	22	68	29
2011/11/29	NA	12	39	06	41	87
2011/12/01	NA	55	05	54	03	44
2011/12/03	NA	65	79	24	60	21
2011/12/06	NA	12	71	14	81	19
2011/12/09	NA	61	14	03	09	20
2011/12/10	NA	75	12	01	09	58
2011/12/13	NA	26	84	03	24	18
2011/12/15	NA	37	38	54	35	28
2011/12/17	NA	81	71	06	78	39
2011/12/20	NA	37	22	23	08	69
2011/12/22	NA	34	28	42	74	80
2011/12/24	NA	82	63	40	77	09
2011/12/27	NA	21	48	02	79	23
2011/12/29	NA	44	60	67	58	11
2011/12/31	NA	28	29	41	30	03
2012/01/03	NA	55	18	41	16	76
2012/01/05	NA	80	77	85	44	06
2012/01/07	NA	61	01	36	81	72
2012/01/10	NA	54	87	22	55	10
2012/01/12	NA	57	46	43	88	54
2012/01/14	NA	38	37	86	80	17
2012/01/17	NA	23	69	54	49	74
2012/01/19	NA	80	07	18	43	73
2012/01/21	NA	34	59	46	74	75
2012/01/24	NA	06	03	90	37	68
2012/01/26	NA	15	78	88	33	83
2012/01/28	NA	20	63	18	60	77
2012/01/31	NA	11	28	10	18	22
2012/02/02	NA	52	43	80	51	89
2012/02/04	NA	62	68	74	25	11
2012/02/07	NA	36	55	76	37	48
2012/02/09	NA	54	65	60	13	59
2012/02/11	NA	07	16	64	25	61
2012/02/14	NA	14	65	82	20	27
2012/02/16	NA	11	85	52	79	25
2012/02/18	NA	73	65	50	03	71
2012/02/21	NA	77	51	44	16	10
2012/02/23	NA	67	18	48	65	71
2012/02/25	NA	80	50	54	01	73
2012/02/28	NA	01	47	21	38	39
2012/03/01	NA	80	39	57	65	30
2012/03/03	NA	61	07	03	18	29
2012/03/06	NA	17	77	54	02	82
2012/03/08	NA	88	78	53	35	77
2012/03/10	NA	55	74	14	40	52
2012/03/13	NA	79	69	42	41	02
2012/03/15	NA	64	67	33	57	37
2012/03/17	NA	17	07	66	64	86
2012/03/20	NA	62	58	32	46	02
2012/03/22	NA	60	04	29	13	48
2012/03/24	NA	10	45	70	42	37
2012/03/27	NA	89	04	83	59	12
2012/03/29	NA	13	49	68	62	90
2012/03/31	NA	49	68	61	76	03
2012/04/03	NA	03	33	72	31	29
2012/04/05	NA	44	54	13	18	90
2012/04/07	NA	80	59	46	82	33
2012/04/10	NA	18	67	45	61	54
2012/04/12	NA	10	67	39	37	71
2012/04/14	NA	68	44	45	11	09
2012/04/17	NA	66	27	42	80	75
2012/04/19	NA	30	77	33	42	50
2012/04/21	NA	23	05	20	26	08
2012/04/24	NA	30	52	56	62	35
2012/04/26	NA	03	87	15	37	54
2012/04/28	NA	53	05	90	08	09
2012/05/02	NA	07	12	63	58	13
2012/05/03	NA	77	44	35	72	59
2012/05/05	NA	87	07	47	27	74
2012/05/08	NA	06	09	77	43	55
2012/05/10	NA	63	73	89	51	44
2012/05/12	NA	77	64	90	37	02
2012/05/15	NA	60	41	11	68	05
2012/05/17	NA	15	77	46	52	19
2012/05/19	NA	06	60	09	20	62
2012/05/22	NA	12	32	48	73	49
2012/05/24	NA	25	33	46	19	49
2012/05/26	NA	09	16	68	26	84
2012/05/29	NA	56	38	03	14	76
2012/05/31	NA	27	39	41	67	56
2012/06/04	NA	14	85	74	66	55
2012/06/05	NA	80	59	56	38	19
2012/06/07	NA	76	50	57	32	54
2012/06/09	NA	28	25	80	90	09
2012/06/12	NA	70	48	21	03	39
2012/06/14	NA	51	82	86	61	06
2012/06/16	NA	18	43	45	72	77
2012/06/19	NA	78	28	08	31	33
2012/06/21	NA	65	57	22	25	89
2012/06/23	NA	14	40	67	31	50
2012/06/26	NA	85	23	70	26	05
2012/06/28	NA	78	31	12	65	55
2012/06/30	NA	46	88	58	42	74
2012/07/03	NA	63	34	35	64	37
2012/07/05	NA	02	61	81	80	25
2012/07/07	NA	10	46	34	64	63
2012/07/10	NA	71	12	14	80	56
2012/07/12	NA	33	67	69	55	12
2012/07/14	NA	38	70	65	12	56
2012/07/17	NA	09	22	01	27	18
2012/07/19	NA	75	71	28	74	10
2012/07/21	NA	17	35	55	21	64
2012/07/24	NA	25	87	32	88	16
2012/07/26	NA	29	11	06	37	31
2012/07/28	NA	24	10	06	57	65
2012/07/31	NA	09	62	22	01	75
2012/08/02	NA	50	70	13	16	78
2012/08/04	NA	28	18	83	38	63
2012/08/07	NA	48	63	86	80	03
2012/08/09	NA	76	79	53	64	41
2012/08/11	NA	50	03	08	21	70
2012/08/14	NA	36	16	45	08	39
2012/08/16	NA	15	73	35	90	17
2012/08/18	NA	55	24	42	38	77
2012/08/21	NA	82	72	76	30	11
2012/08/23	NA	09	40	84	89	56
2012/08/25	NA	22	69	86	13	42
2012/08/28	NA	80	12	16	67	60
2012/08/30	NA	84	66	67	42	48
2012/09/01	NA	60	69	65	61	29
2012/09/04	NA	80	19	76	45	12
2012/09/06	NA	35	43	70	22	33
2012/09/08	NA	70	35	67	06	10
2012/09/11	NA	10	19	80	01	87
2012/09/13	NA	05	64	50	83	43
2012/09/15	NA	05	11	06	45	83
2012/09/18	NA	29	49	19	51	30
2012/09/20	NA	64	31	74	61	52
2012/09/22	NA	43	50	10	42	16
2012/09/25	NA	88	62	38	28	44
2012/09/27	NA	52	71	85	16	72
2012/09/29	NA	77	39	82	73	37
2012/10/02	NA	08	14	67	76	77
2012/10/04	NA	65	04	60	81	57
2012/10/06	NA	13	90	20	62	56
2012/10/09	NA	19	15	81	14	67
2012/10/11	NA	01	09	71	17	49
2012/10/13	NA	35	20	16	82	69
2012/10/16	NA	39	50	30	05	44
2012/10/18	NA	21	08	53	29	35
2012/10/20	NA	60	12	72	85	89
2012/10/23	NA	23	49	22	43	44
2012/10/25	NA	25	30	20	10	09
2012/10/27	NA	62	46	82	76	35
2012/10/30	NA	64	77	14	01	34
2012/11/02	NA	27	47	06	11	55
2012/11/03	NA	61	73	34	60	13
2012/11/06	NA	13	43	19	75	63
2012/11/08	NA	01	23	13	24	60
2012/11/10	NA	14	79	85	52	58
2012/11/13	NA	82	85	55	07	20
2012/11/15	NA	64	32	09	70	87
2012/11/17	NA	48	21	64	43	73
2012/11/20	NA	27	84	53	66	87
2012/11/22	NA	62	79	04	25	70
2012/11/24	NA	20	27	43	33	26
2012/11/27	NA	18	26	60	86	48
2012/11/29	NA	23	33	39	47	69
2012/12/01	NA	89	61	08	63	54
2012/12/04	NA	44	67	41	62	90
2012/12/06	NA	28	56	39	61	35
2012/12/10	NA	44	05	19	56	34
2012/12/11	NA	18	24	51	88	62
2012/12/13	NA	89	62	04	11	66
2012/12/15	NA	27	57	62	54	52
2012/12/18	NA	20	79	77	64	76
2012/12/20	NA	61	49	12	07	75
2012/12/22	NA	28	02	22	08	42
2012/12/24	NA	44	63	09	42	33
2012/12/27	NA	30	17	65	27	28
2012/12/29	NA	79	15	88	36	01
2013/01/02	NA	17	08	72	38	67
2013/01/03	NA	65	35	45	15	88
2013/01/05	NA	48	44	41	57	84
2013/01/08	NA	32	06	48	21	12
2013/01/10	NA	09	12	18	81	14
2013/01/12	NA	56	48	70	16	28
2013/01/15	NA	41	75	16	52	89
2013/01/17	NA	16	04	62	45	74
2013/01/19	NA	39	56	26	40	80
2013/01/22	NA	09	19	52	03	28
2013/01/24	NA	27	52	21	26	37
2013/01/26	NA	46	47	05	35	88
2013/01/29	NA	75	51	85	18	31
2013/01/31	NA	11	60	88	45	63
2013/02/02	NA	11	05	89	57	87
2013/02/05	NA	65	12	36	77	71
2013/02/07	NA	21	19	42	68	89
2013/02/09	NA	38	18	15	57	69
2013/02/12	NA	46	67	68	50	52
2013/02/14	NA	06	17	36	05	67
2013/02/16	NA	64	21	13	82	48
2013/02/19	NA	84	23	57	55	40
2013/02/21	NA	71	72	22	55	26
2013/02/23	NA	56	87	55	60	18
2013/02/26	NA	45	22	52	90	14
2013/02/28	NA	05	55	03	63	81
2013/03/02	NA	02	55	38	44	29
2013/03/05	NA	13	60	39	05	12
2013/03/07	NA	05	78	20	23	07
2013/03/09	NA	39	66	60	37	69
2013/03/12	NA	60	79	54	29	16
2013/03/14	NA	48	37	30	72	33
2013/03/16	NA	11	58	83	55	47
2013/03/19	NA	02	83	32	55	76
2013/03/21	NA	57	82	90	73	14
2013/03/23	NA	27	78	61	44	05
2013/03/26	NA	53	85	34	52	19
2013/03/28	NA	38	50	71	33	80
2013/03/30	NA	09	23	72	49	03
2013/04/02	NA	48	31	80	43	41
2013/04/04	NA	43	87	06	27	66
2013/04/06	NA	04	46	09	30	17
2013/04/09	NA	47	51	30	84	11
2013/04/11	NA	15	90	81	64	77
2013/04/13	NA	86	68	59	26	07
2013/04/16	NA	24	26	72	11	89
2013/04/18	NA	49	11	65	31	10
2013/04/20	NA	53	37	51	45	35
2013/04/23	NA	08	66	44	26	24
2013/04/26	NA	48	04	40	67	09
2013/04/27	NA	75	25	45	06	69
2013/04/30	NA	84	22	79	87	54
2013/05/02	NA	01	39	68	22	13
2013/05/04	NA	80	05	50	31	20
2013/05/07	NA	56	78	60	42	51
2013/05/09	NA	31	74	27	17	07
2013/05/11	NA	26	11	44	30	41
2013/05/14	NA	53	55	74	87	65
2013/05/16	NA	84	44	38	42	52
2013/05/18	NA	68	88	17	03	20
2013/05/21	NA	82	61	83	27	03
2013/05/23	NA	76	09	15	54	20
2013/05/25	NA	24	84	47	35	45
2013/05/28	NA	87	09	41	68	64
2013/05/30	NA	33	08	51	71	36
2013/06/01	NA	85	50	38	46	42
2013/06/04	NA	65	11	50	43	54
2013/06/06	NA	61	84	48	90	45
2013/06/08	NA	22	80	09	45	77
2013/06/11	NA	16	87	70	40	11
2013/06/13	NA	60	61	06	51	17
2013/06/15	NA	13	68	43	75	67
2013/06/18	NA	74	29	65	01	22
2013/06/20	NA	42	06	50	58	18
2013/06/22	NA	29	75	70	43	80
2013/06/25	NA	32	78	75	02	69
2013/06/27	NA	45	78	21	15	13
2013/06/29	NA	72	35	68	38	19
2013/07/02	NA	04	74	53	23	63
2013/07/04	NA	89	82	63	40	37
2013/07/06	NA	73	11	38	53	17
2013/07/09	NA	85	53	78	62	64
2013/07/11	NA	19	70	53	03	89
2013/07/13	NA	11	77	69	38	33
2013/07/16	NA	52	08	18	46	34
2013/07/18	NA	59	56	38	34	73
2013/07/20	NA	19	73	60	80	31
2013/07/23	NA	23	60	85	04	88
2013/07/25	NA	73	06	77	89	50
2013/07/27	NA	53	01	32	45	74
2013/07/30	NA	34	56	75	39	60
2013/08/01	NA	49	75	34	65	89
2013/08/03	NA	62	15	13	77	25
2013/08/06	NA	61	74	40	83	39
2013/08/08	NA	22	07	80	17	82
2013/08/10	NA	18	67	13	85	28
2013/08/13	NA	35	79	48	29	33
2013/08/16	NA	09	05	32	84	68
2013/08/17	NA	60	83	18	35	05
2013/08/20	NA	37	58	21	41	54
2013/08/22	NA	74	28	62	83	27
2013/08/24	NA	73	01	83	79	51
2013/08/27	NA	08	41	54	15	42
2013/08/29	NA	87	41	16	60	38
2013/08/31	NA	75	64	45	48	46
2013/09/03	NA	23	77	26	58	52
2013/09/05	NA	43	24	47	49	05
2013/09/07	NA	69	53	52	40	36
2013/09/10	NA	47	25	20	51	03
2013/09/12	NA	46	17	61	12	76
2013/09/14	NA	76	69	22	14	64
2013/09/17	NA	58	84	07	06	20
2013/09/19	NA	01	72	28	69	34
2013/09/21	NA	13	85	17	14	58
2013/09/24	NA	67	28	23	62	41
2013/09/26	NA	07	54	73	86	72
2013/09/28	NA	79	45	42	04	83
2013/10/01	NA	09	85	79	04	55
2013/10/03	NA	45	20	55	54	34
2013/10/05	NA	71	15	41	65	46
2013/10/08	NA	69	60	61	03	11
2013/10/10	NA	36	33	49	83	32
2013/10/12	NA	22	08	20	03	86
2013/10/15	NA	79	14	36	64	28
2013/10/17	NA	25	70	24	59	63
2013/10/19	NA	65	86	11	79	82
2013/10/22	NA	56	84	14	40	19
2013/10/24	NA	21	32	46	35	55
2013/10/26	NA	43	44	63	35	77
2013/10/29	NA	54	80	26	79	59
2013/10/31	NA	62	45	31	15	42
2013/11/02	NA	11	55	44	19	37
2013/11/05	NA	70	26	17	35	12
2013/11/07	NA	29	62	90	13	80
2013/11/09	NA	31	72	34	28	07
2013/11/12	NA	54	06	84	29	46
2013/11/14	NA	63	25	59	60	69
2013/11/16	NA	26	83	20	62	29
2013/11/19	NA	88	48	82	56	44
2013/11/21	NA	51	73	02	13	81
2013/11/23	NA	21	74	78	20	22
2013/11/26	NA	59	18	68	10	73
2013/11/28	NA	51	61	07	79	88
2013/11/30	NA	37	10	48	53	17
2013/12/03	NA	13	68	35	77	34
2013/12/05	NA	37	33	75	77	48
2013/12/07	NA	85	87	09	22	70
2013/12/10	NA	79	35	30	26	65
2013/12/12	NA	06	90	56	37	51
2013/12/14	NA	27	51	77	16	64
2013/12/17	NA	05	58	56	77	51
2013/12/19	NA	24	09	35	72	82
2013/12/21	NA	83	75	17	47	86
2013/12/24	NA	67	02	22	52	78
2013/12/27	NA	60	80	61	78	17
2013/12/28	NA	14	72	53	23	05
2013/12/31	NA	66	25	54	90	18
2014/01/02	NA	69	54	06	64	24
2014/01/04	NA	14	20	06	59	11
2014/01/07	NA	32	52	05	57	23
2014/01/09	NA	80	38	29	28	87
2014/01/11	NA	82	62	47	60	15
2014/01/14	NA	35	75	16	50	41
2014/01/16	NA	66	10	16	87	44
2014/01/18	NA	45	07	43	90	69
2014/01/21	NA	30	67	33	86	09
2014/01/23	NA	44	63	06	35	10
2014/01/25	NA	41	16	72	31	29
2014/01/28	NA	47	63	42	76	67
2014/01/30	NA	50	04	70	22	40
2014/02/01	NA	35	13	25	74	39
2014/02/04	NA	30	40	08	04	50
2014/02/06	NA	80	65	42	03	52
2014/02/08	NA	82	76	86	24	22
2014/02/11	NA	36	16	59	52	13
2014/02/13	NA	52	30	50	68	88
2014/02/15	NA	30	44	76	61	38
2014/02/18	NA	27	57	75	08	62
2014/02/20	NA	55	88	79	28	34
2014/02/22	NA	48	63	21	50	03
2014/02/25	NA	68	12	75	38	04
2014/02/27	NA	78	15	54	25	33
2014/03/01	NA	89	27	42	51	84
2014/03/04	NA	08	55	65	60	28
2014/03/06	NA	28	79	52	88	70
2014/03/08	NA	79	34	77	87	11
2014/03/11	NA	36	53	68	60	30
2014/03/13	NA	23	35	06	81	79
2014/03/15	NA	80	64	13	33	70
2014/03/18	NA	05	38	37	39	49
2014/03/20	NA	76	41	01	82	69
2014/03/22	NA	47	48	39	07	45
2014/03/25	NA	18	44	86	53	82
2014/03/27	NA	46	25	73	06	76
2014/03/29	NA	39	36	50	75	51
2014/04/01	NA	41	32	13	20	29
2014/04/03	NA	60	50	68	44	54
2014/04/05	NA	72	21	43	03	08
2014/04/08	NA	68	05	61	67	14
2014/04/10	NA	17	85	23	22	18
2014/04/12	NA	36	29	49	42	74
2014/04/15	NA	72	54	25	67	53
2014/04/17	NA	35	73	25	55	87
2014/04/19	NA	54	31	85	12	35
2014/04/22	NA	14	62	11	56	58
2014/04/24	NA	49	12	19	53	74
2014/04/26	NA	04	80	81	36	18
2014/04/29	NA	34	70	26	77	47
2014/05/02	NA	89	80	32	04	47
2014/05/03	NA	74	68	64	45	81
2014/05/06	NA	69	25	70	37	59
2014/05/08	NA	86	12	58	87	18
2014/05/10	NA	56	63	32	29	80
2014/05/13	NA	07	52	76	55	46
2014/05/15	NA	84	37	78	24	75
2014/05/17	NA	18	77	54	73	29
2014/05/20	NA	25	26	73	50	41
2014/05/22	NA	36	41	11	88	37
2014/05/24	NA	79	56	26	51	34
2014/05/27	NA	08	60	02	56	58
2014/05/29	NA	63	13	44	90	80
2014/05/31	NA	87	52	83	19	31
2014/06/03	NA	60	11	70	47	29
2014/06/05	NA	77	83	45	51	02
2014/06/07	NA	09	79	10	01	88
2014/06/10	NA	59	31	51	80	33
2014/06/12	NA	80	15	30	78	49
2014/06/14	NA	13	85	50	20	04
2014/06/17	NA	49	36	58	31	41
2014/06/19	NA	78	34	84	79	04
2014/06/21	NA	32	50	01	10	60
2014/06/24	NA	01	50	72	55	06
2014/06/26	NA	86	82	88	42	78
2014/06/28	NA	39	75	06	65	22
2014/07/01	NA	65	49	48	28	89
2014/07/03	NA	79	65	84	38	57
2014/07/05	NA	43	76	10	22	07
2014/07/08	NA	54	67	16	80	74
2014/07/10	NA	32	07	80	86	50
2014/07/12	NA	17	87	39	85	21
2014/07/15	NA	03	31	49	34	81
2014/07/17	NA	85	31	10	32	64
2014/07/19	NA	18	37	63	07	53
2014/07/22	NA	60	06	77	43	57
2014/07/24	NA	90	09	71	33	74
2014/07/26	NA	69	02	19	63	26
2014/07/29	NA	36	77	22	87	09
2014/07/31	NA	66	57	09	27	84
2014/08/02	NA	43	61	49	67	63
2014/08/05	NA	12	51	57	45	71
2014/08/07	NA	53	34	66	14	87
2014/08/09	NA	40	68	28	67	79
2014/08/12	NA	17	87	18	34	58
2014/08/14	NA	13	19	70	86	81
2014/08/16	NA	15	84	43	82	22
2014/08/19	NA	14	52	74	01	43
2014/08/21	NA	08	15	20	27	43
2014/08/23	NA	47	77	41	57	55
2014/08/26	NA	62	03	66	24	23
2014/08/28	NA	06	72	05	83	73
2014/08/30	NA	15	36	27	33	56
2014/09/02	NA	71	08	03	79	49
2014/09/04	NA	12	09	13	42	15
2014/09/06	NA	73	36	22	49	78
2014/09/09	NA	13	48	35	82	86
2014/09/11	NA	16	28	43	81	76
2014/09/13	NA	60	47	52	40	45
2014/09/16	NA	22	52	01	84	43
2014/09/18	NA	17	45	20	01	82
2014/09/20	NA	88	38	45	40	35
2014/09/23	NA	45	55	64	53	01
2014/09/25	NA	25	39	75	19	06
2014/09/27	NA	08	34	64	20	30
2014/09/30	NA	61	31	01	02	62
2014/10/02	NA	51	86	22	14	40
2014/10/04	NA	60	64	36	23	65
2014/10/07	NA	71	07	46	18	03
2014/10/09	NA	87	15	82	58	63
2014/10/11	NA	72	14	80	34	45
2014/10/14	NA	69	37	16	14	44
2014/10/16	NA	89	27	06	86	08
2014/10/18	NA	83	65	23	75	33
2014/10/21	NA	83	79	52	57	01
2014/10/23	NA	35	86	50	63	39
2014/10/25	NA	60	11	49	05	69
2014/10/28	NA	06	15	59	74	32
2014/10/30	NA	38	36	62	12	80
2014/11/03	NA	72	79	82	04	01
2014/11/04	NA	42	89	56	53	01
2014/11/06	NA	30	66	72	81	82
2014/11/08	NA	10	07	52	12	50
2014/11/11	NA	67	38	37	76	05
2014/11/13	NA	12	87	13	05	32
2014/11/15	NA	14	88	26	35	59
2014/11/18	NA	56	33	74	32	02
2014/11/20	NA	03	12	81	76	65
2014/11/22	NA	83	34	01	58	37
2014/11/25	NA	07	17	66	87	79
2014/11/27	NA	20	15	22	17	05
2014/11/29	NA	48	20	71	25	76
2014/12/02	NA	80	86	65	27	19
2014/12/04	NA	17	16	08	06	58
2014/12/06	NA	90	23	28	48	09
2014/12/09	NA	48	83	56	41	52
2014/12/11	NA	69	04	46	58	34
2014/12/13	NA	31	07	76	37	49
2014/12/16	NA	29	10	31	88	27
2014/12/18	NA	89	02	60	30	10
2014/12/20	NA	10	74	06	77	09
2014/12/23	NA	35	46	14	07	55
2014/12/24	NA	70	05	85	80	15
2014/12/27	NA	39	14	38	89	06
2014/12/30	NA	47	61	63	27	15
2015/01/02	NA	45	04	66	19	77
2015/01/03	NA	43	26	07	82	46
2015/01/07	NA	90	82	88	15	72
2015/01/08	NA	63	18	88	81	05
2015/01/10	NA	68	65	33	85	11
2015/01/13	NA	30	62	38	70	75
2015/01/15	NA	65	64	25	80	16
2015/01/17	NA	14	74	29	43	71
2015/01/20	NA	80	52	69	27	57
2015/01/22	NA	19	84	60	45	09
2015/01/24	NA	69	23	42	85	33
2015/01/27	NA	13	39	37	85	04
2015/01/29	NA	46	26	82	09	65
2015/01/31	NA	90	73	03	82	84
2015/02/03	NA	90	24	27	21	50
2015/02/05	NA	50	25	86	29	17
2015/02/07	NA	08	32	44	07	40
2015/02/10	NA	55	05	81	31	58
2015/02/12	NA	75	52	40	44	73
2015/02/14	NA	08	67	04	37	17
2015/02/17	NA	16	61	90	67	19
2015/02/19	NA	04	12	01	16	73
2015/02/21	NA	04	39	02	34	53
2015/02/24	NA	09	55	12	50	39
2015/02/26	NA	31	17	64	05	45
2015/02/28	NA	64	31	83	62	67
2015/03/03	NA	06	30	03	01	48
2015/03/05	NA	01	90	89	29	70
2015/03/07	NA	78	85	74	27	50
2015/03/10	NA	77	67	34	08	78
2015/03/12	NA	59	39	82	23	14
2015/03/14	NA	90	78	66	74	59
2015/03/17	NA	69	50	20	57	86
2015/03/19	NA	84	39	03	25	08
2015/03/21	NA	80	63	38	89	22
2015/03/24	NA	15	40	36	04	80
2015/03/26	NA	45	79	43	29	59
2015/03/28	NA	61	37	90	81	01
2015/03/31	NA	14	41	71	69	25
2015/04/02	NA	49	25	30	80	45
2015/04/04	NA	05	62	11	57	77
2015/04/07	NA	58	50	68	70	43
2015/04/09	NA	27	09	74	33	23
2015/04/11	NA	14	25	74	34	29
2015/04/14	NA	13	08	27	86	37
2015/04/16	NA	52	49	66	28	58
2015/04/18	NA	55	61	01	20	44
2015/04/21	NA	48	88	43	50	24
2015/04/23	NA	15	28	66	72	36
2015/04/27	NA	18	75	59	07	40
2015/04/28	NA	31	59	61	41	12
2015/04/30	NA	04	60	13	55	77
2015/05/02	NA	30	64	73	16	17
2015/05/05	NA	18	49	54	68	20
2015/05/07	NA	23	54	66	78	77
2015/05/09	NA	74	61	82	18	80
2015/05/12	NA	39	15	09	33	30
2015/05/14	NA	02	72	71	55	77
2015/05/16	NA	36	70	13	19	67
2015/05/19	NA	87	35	46	45	62
2015/05/21	NA	22	85	48	26	81
2015/05/23	NA	12	76	72	57	60
2015/05/26	NA	54	84	83	73	48
2015/05/28	NA	86	18	38	29	07
2015/05/30	NA	30	29	28	25	17
2015/06/03	NA	32	62	35	82	42
2015/06/04	NA	38	79	31	35	88
2015/06/06	NA	47	10	09	75	33
2015/06/09	NA	82	26	85	50	86
2015/06/11	NA	20	82	44	35	90
2015/06/13	NA	07	30	24	36	63
2015/06/16	NA	76	04	65	52	33
2015/06/18	NA	63	67	61	15	37
2015/06/20	NA	54	35	21	01	87
2015/06/23	NA	44	25	57	84	54
2015/06/25	NA	46	29	34	21	53
2015/06/27	NA	08	87	57	45	61
2015/06/30	NA	64	82	85	13	42
2015/07/02	NA	59	19	11	74	34
2015/07/04	NA	30	43	19	04	80
2015/07/07	NA	15	38	75	05	48
2015/07/09	NA	80	17	53	54	84
2015/07/11	NA	58	73	89	10	06
2015/07/14	NA	76	78	27	52	09
2015/07/16	NA	45	32	43	58	27
2015/07/18	NA	55	38	29	24	34
2015/07/21	NA	14	71	57	55	09
2015/07/23	NA	49	42	33	75	44
2015/07/25	NA	85	22	30	50	40
2015/07/28	NA	45	82	25	29	62
2015/07/30	NA	15	56	11	20	12
2015/08/01	NA	56	31	81	89	16
2015/08/04	NA	65	53	30	18	06
2015/08/06	NA	76	81	23	72	13
2015/08/08	NA	01	31	34	22	29
2015/08/11	NA	26	85	36	19	03
2015/08/13	NA	72	01	12	29	51
2015/08/17	NA	13	82	40	74	59
2015/08/18	NA	05	44	63	15	46
2015/08/20	NA	60	30	86	63	11
2015/08/22	NA	22	38	72	66	58
2015/08/25	NA	04	80	89	69	61
2015/08/27	NA	78	88	84	23	74
2015/08/29	NA	29	75	65	20	10
2015/09/01	NA	36	48	49	68	06
2015/09/03	NA	16	75	27	53	56
2015/09/05	NA	62	67	04	60	59
2015/09/08	NA	11	82	76	52	69
2015/09/10	NA	41	89	86	02	84
2015/09/12	NA	08	63	89	10	21
2015/09/15	NA	18	54	19	50	30
2015/09/17	NA	30	73	21	84	35
2015/09/19	NA	78	36	82	34	77
2015/09/22	NA	40	76	01	69	30
2015/09/24	NA	40	14	26	19	03
2015/09/26	NA	04	49	73	45	01
2015/09/29	NA	38	02	18	08	39
2015/10/01	NA	42	52	05	62	18
2015/10/03	NA	35	54	84	82	61
2015/10/06	NA	14	19	10	44	75
2015/10/08	NA	64	81	29	14	86
2015/10/10	NA	60	50	53	07	86
2015/10/13	NA	30	68	33	12	62
2015/10/15	NA	84	29	34	18	03
2015/10/17	NA	25	11	40	42	79
2015/10/20	NA	34	45	71	73	47
2015/10/22	NA	67	28	22	58	68
2015/10/24	NA	12	05	44	69	30
2015/10/27	NA	45	79	14	76	50
2015/10/29	NA	33	54	53	23	24
2015/10/31	NA	63	83	16	45	43
2015/11/03	NA	29	27	88	65	50
2015/11/05	NA	18	47	75	30	63
2015/11/07	NA	16	34	82	53	85
2015/11/10	NA	25	47	76	45	03
2015/11/12	NA	17	81	15	03	58
2015/11/14	NA	05	58	30	85	46
2015/11/17	NA	28	23	38	34	44
2015/11/19	NA	47	20	59	37	86
2015/11/21	NA	25	16	38	83	37
2015/11/24	NA	01	38	49	54	03
2015/11/26	NA	68	15	85	59	05
2015/11/28	NA	62	21	61	73	64
2015/12/01	NA	67	34	04	63	81
2015/12/03	NA	28	89	69	08	39
2015/12/05	NA	02	75	22	84	54
2015/12/09	NA	80	03	19	77	71
2015/12/10	NA	45	68	08	09	37
2015/12/12	NA	39	81	69	73	90
2015/12/15	NA	28	40	60	10	02
2015/12/17	NA	74	23	48	73	52
2015/12/19	NA	55	53	49	38	43
2015/12/22	NA	27	62	14	39	45
2015/12/24	NA	02	82	67	85	38
2015/12/28	NA	36	27	83	39	02
2015/12/29	NA	42	75	78	90	25
2015/12/31	NA	62	72	46	19	11
2016/01/02	NA	55	75	47	44	20
2016/01/05	NA	24	50	10	37	39
2016/01/07	NA	21	19	28	66	22
2016/01/09	NA	15	10	30	06	23
2016/01/12	NA	61	72	65	77	62
2016/01/14	NA	41	44	48	34	85
2016/01/16	NA	69	41	27	34	49
2016/01/19	NA	26	16	19	63	62
2016/01/21	NA	58	90	41	66	01
2016/01/23	NA	89	58	01	35	80
2016/01/26	NA	68	52	02	24	44
2016/01/28	NA	52	44	75	31	86
2016/01/30	NA	63	49	27	78	86
2016/02/02	NA	63	58	42	80	05
2016/02/04	NA	49	56	15	25	40
2016/02/06	NA	68	74	88	56	08
2016/02/09	NA	11	06	58	22	48
2016/02/11	NA	15	48	67	71	17
2016/02/13	NA	15	76	24	19	28
2016/02/16	NA	52	67	81	22	57
2016/02/18	NA	02	65	82	49	25
2016/02/20	NA	66	39	63	65	11
2016/02/23	NA	87	74	20	66	04
2016/02/25	NA	27	75	52	65	13
2016/02/27	NA	31	87	57	88	44
2016/03/01	NA	79	01	72	52	24
2016/03/03	NA	72	17	64	40	60
2016/03/05	NA	44	85	81	59	45
2016/03/08	NA	57	85	48	35	80
2016/03/10	NA	15	60	18	86	27
2016/03/12	NA	52	59	24	90	61
2016/03/15	NA	53	26	62	90	51
2016/03/17	NA	90	13	30	52	43
2016/03/19	NA	21	78	52	32	83
2016/03/22	NA	46	87	30	37	36
2016/03/24	NA	90	88	18	58	61
2016/03/26	NA	69	52	32	89	56
2016/03/29	NA	19	85	39	14	84
2016/03/31	NA	79	43	76	90	77
2016/04/02	NA	19	79	47	78	20
2016/04/05	NA	64	23	77	68	24
2016/04/07	NA	23	76	65	88	19
2016/04/09	NA	52	75	03	82	07
2016/04/12	NA	30	43	80	53	38
2016/04/14	NA	71	04	66	10	43
2016/04/16	NA	05	61	21	40	80
2016/04/19	NA	31	02	83	26	22
2016/04/21	NA	64	37	17	70	46
2016/04/23	NA	61	65	07	16	71
2016/04/26	NA	18	17	60	52	62
2016/04/28	NA	15	64	45	28	37
2016/04/30	NA	31	78	05	67	70
2016/05/03	NA	47	64	32	15	80
2016/05/05	NA	22	84	64	54	37
2016/05/07	NA	73	28	38	02	31
2016/05/10	NA	20	67	90	38	73
2016/05/12	NA	17	72	36	42	59
2016/05/14	NA	86	70	35	33	64
2016/05/17	NA	17	12	14	10	87
2016/05/19	NA	74	67	47	61	68
2016/05/21	NA	27	81	60	18	65
2016/05/24	NA	61	89	75	47	69
2016/05/26	NA	86	41	67	63	19
2016/05/28	NA	85	07	40	88	51
2016/05/31	NA	39	31	51	69	55
2016/06/03	NA	01	58	42	11	41
2016/06/04	NA	83	80	20	46	16
2016/06/07	NA	09	05	86	67	02
2016/06/09	NA	61	77	58	41	73
2016/06/11	NA	16	06	56	47	70
2016/06/14	NA	85	08	57	73	32
2016/06/16	NA	57	46	25	24	90
2016/06/18	NA	80	73	79	21	02
2016/06/21	NA	45	48	66	23	76
2016/06/23	NA	20	12	36	50	55
2016/06/25	NA	80	36	54	72	79
2016/06/28	NA	04	61	45	79	63
2016/06/30	NA	59	29	31	71	03
2016/07/02	NA	58	81	28	01	41
2016/07/05	NA	69	13	90	33	16
2016/07/07	NA	59	52	02	47	67
2016/07/09	NA	48	02	19	28	18
2016/07/12	NA	17	47	81	22	24
2016/07/14	NA	17	54	80	10	85
2016/07/16	NA	77	15	71	33	67
2016/07/19	NA	41	45	43	30	51
2016/07/21	NA	45	23	42	09	62
2016/07/23	NA	48	72	57	47	82
2016/07/26	NA	78	24	86	81	40
2016/07/28	NA	58	82	57	28	78
2016/07/30	NA	09	84	86	82	89
2016/08/02	NA	67	23	24	73	17
2016/08/04	NA	33	16	19	62	29
2016/08/06	NA	56	01	08	84	61
2016/08/09	NA	32	23	61	48	19
2016/08/11	NA	17	70	62	10	48
2016/08/13	NA	12	40	58	60	64
2016/08/16	NA	08	07	43	69	29
2016/08/18	NA	19	38	50	49	13
2016/08/20	NA	21	59	11	01	31
2016/08/23	NA	83	46	63	08	87
2016/08/25	NA	26	78	14	27	54
2016/08/27	NA	42	05	30	90	23
2016/08/30	NA	14	53	68	87	72
2016/09/01	NA	20	88	82	59	02
2016/09/03	NA	73	80	19	29	87
2016/09/06	NA	33	02	79	61	20
2016/09/08	NA	05	78	53	23	75
2016/09/10	NA	19	26	88	74	32
2016/09/13	NA	53	12	32	04	01
2016/09/15	NA	78	23	40	67	76
2016/09/17	NA	58	09	21	41	12
2016/09/20	NA	45	73	11	34	15
2016/09/22	NA	80	87	52	77	21
2016/09/24	NA	37	17	22	86	67
2016/09/27	NA	75	62	08	54	47
2016/09/29	NA	74	82	30	34	06
2016/10/01	NA	61	10	20	13	14
2016/10/04	NA	58	54	60	29	21
2016/10/06	NA	89	90	60	82	78
2016/10/08	NA	06	18	76	84	30
2016/10/11	NA	48	51	42	21	22
2016/10/13	NA	77	57	89	27	76
2016/10/15	NA	01	19	83	43	87
2016/10/18	NA	11	65	64	78	07
2016/10/20	NA	16	60	85	10	05
2016/10/22	NA	16	30	08	09	31
2016/10/25	NA	01	44	61	33	70
2016/10/27	NA	58	45	43	23	30
2016/10/29	NA	12	72	52	25	29
2016/11/02	NA	40	21	16	26	05
2016/11/03	NA	23	67	27	09	14
2016/11/05	NA	22	17	76	54	10
2016/11/08	NA	87	29	30	88	41
2016/11/10	NA	40	42	34	22	52
2016/11/12	NA	17	51	37	85	26
2016/11/15	NA	02	26	08	19	23
2016/11/17	NA	10	15	25	18	29
2016/11/19	NA	19	48	58	23	61
2016/11/22	NA	12	83	85	29	45
2016/11/24	NA	57	27	47	73	69
2016/11/26	NA	75	11	30	18	61
2016/11/29	NA	32	48	64	43	50
2016/12/01	NA	52	34	30	09	35
2016/12/03	NA	85	58	49	34	04
2016/12/06	NA	76	05	08	42	09
2016/12/09	NA	33	59	17	80	29
2016/12/10	NA	68	44	19	65	90
2016/12/13	NA	42	48	35	83	79
2016/12/15	NA	65	83	01	20	50
2016/12/17	NA	70	58	88	24	45
2016/12/20	NA	38	85	55	83	30
2016/12/22	NA	55	45	28	90	19
2016/12/24	NA	19	88	28	11	54
2016/12/27	NA	09	14	39	30	19
2016/12/29	NA	86	73	44	12	09
2016/12/31	NA	08	56	10	22	62
2017/01/03	NA	33	77	63	23	68
2017/01/05	NA	28	31	13	82	53
2017/01/07	NA	61	59	55	80	65
2017/01/10	NA	51	81	05	16	79
2017/01/12	NA	21	30	02	44	05
2017/01/14	NA	51	78	71	19	08
2017/01/17	NA	46	26	63	76	02
2017/01/19	NA	67	47	69	65	31
2017/01/21	NA	56	36	43	37	59
2017/01/24	NA	65	70	62	63	16
2017/01/26	NA	25	85	14	38	06
2017/01/28	NA	10	05	41	82	75
2017/01/31	NA	20	62	63	77	40
2017/02/02	NA	35	19	56	02	44
2017/02/04	NA	40	05	50	22	54
2017/02/07	NA	09	02	64	88	19
2017/02/09	NA	72	43	70	07	22
2017/02/11	NA	32	07	13	55	34
2017/02/14	NA	60	19	89	59	76
2017/02/16	NA	28	32	45	90	06
2017/02/18	NA	16	25	35	41	11
2017/02/21	NA	89	01	35	33	48
2017/02/23	NA	60	88	50	87	83
2017/02/25	NA	89	88	06	14	13
2017/02/28	NA	34	02	22	77	81
2017/03/02	NA	05	55	50	38	34
2017/03/04	NA	60	12	01	69	65
2017/03/07	NA	75	27	05	24	83
2017/03/09	NA	25	28	01	12	75
2017/03/11	NA	09	08	59	41	34
2017/03/14	NA	09	71	52	47	43
2017/03/16	NA	50	53	79	68	87
2017/03/18	NA	49	67	07	13	26
2017/03/21	NA	22	02	78	55	39
2017/03/23	NA	39	54	34	33	89
2017/03/25	NA	51	42	29	73	50
2017/03/28	NA	90	49	74	24	77
2017/03/30	NA	78	62	60	27	09
2017/04/01	NA	33	65	07	06	39
2017/04/04	NA	42	23	40	33	02
2017/04/06	NA	10	56	68	57	90
2017/04/08	NA	29	89	81	33	22
2017/04/11	NA	32	08	33	87	68
2017/04/13	NA	08	16	23	42	59
2017/04/15	NA	03	40	71	11	88
2017/04/18	NA	49	26	56	06	34
2017/04/20	NA	09	18	34	25	31
2017/04/22	NA	59	67	86	82	47
2017/04/26	NA	56	11	04	67	42
2017/04/27	NA	28	10	18	25	84
2017/04/29	NA	81	77	82	16	50
2017/05/02	NA	06	16	75	78	89
2017/05/04	NA	73	20	12	13	54
2017/05/06	NA	15	80	52	05	89
2017/05/09	NA	58	14	56	20	12
2017/05/11	NA	64	07	80	61	19
2017/05/13	NA	50	69	24	68	84
2017/05/16	NA	89	33	02	76	27
2017/05/18	NA	21	80	65	11	89
2017/05/20	NA	35	14	65	49	24
2017/05/23	NA	04	84	65	39	58
2017/05/25	NA	55	09	28	85	72
2017/05/27	NA	53	18	04	71	08
2017/05/30	NA	28	33	63	07	26
2017/06/01	NA	64	56	22	52	76
2017/06/03	NA	01	39	47	25	45
2017/06/06	NA	33	72	82	84	49
2017/06/08	NA	73	53	60	74	47
2017/06/10	NA	89	42	30	43	33
2017/06/13	NA	56	62	46	11	84
2017/06/15	NA	76	63	29	41	15
2017/06/17	NA	34	42	27	05	59
2017/06/20	NA	87	56	66	48	86
2017/06/22	NA	24	01	87	30	51
2017/06/24	NA	73	75	81	55	39
2017/06/27	NA	12	49	79	69	18
2017/06/29	NA	57	84	90	45	11
2017/07/01	NA	79	41	34	11	59
2017/07/04	NA	19	48	42	90	32
2017/07/06	NA	64	13	10	62	87
2017/07/08	NA	43	01	11	70	48
2017/07/11	NA	81	05	15	55	45
2017/07/13	NA	34	57	54	24	13
2017/07/15	NA	10	71	13	33	75
2017/07/18	NA	34	69	89	31	37
2017/07/20	NA	08	81	79	17	77
2017/07/22	NA	77	73	29	53	87
2017/07/25	NA	46	31	73	37	71
2017/07/27	NA	05	32	51	43	31
2017/07/29	NA	72	20	23	67	43
2017/08/01	NA	80	13	36	73	40
2017/08/03	NA	76	01	46	41	18
2017/08/05	NA	85	76	13	82	15
2017/08/08	NA	15	40	31	89	38
2017/08/10	NA	68	51	55	79	61
2017/08/12	NA	52	74	50	78	51
2017/08/16	NA	29	20	28	74	68
2017/08/17	NA	11	29	35	47	13
2017/08/19	NA	19	06	67	41	72
2017/08/22	NA	38	48	64	42	55
2017/08/24	NA	23	87	30	66	57
2017/08/26	NA	27	70	73	38	79
2017/08/29	NA	44	50	51	09	27
2017/08/31	NA	32	86	53	25	30
2017/09/02	NA	19	83	30	87	60
2017/09/05	NA	02	83	27	68	77
2017/09/07	NA	45	84	32	18	22
2017/09/09	NA	37	68	72	60	29
2017/09/12	NA	07	08	47	43	37
2017/09/14	NA	56	51	60	84	54
2017/09/16	NA	30	40	48	55	58
2017/09/19	NA	39	82	10	23	03
2017/09/21	NA	53	54	13	46	14
2017/09/23	NA	45	46	16	76	86
2017/09/26	NA	87	88	85	04	08
2017/09/28	NA	24	27	02	58	54
2017/09/30	NA	72	13	70	19	89
2017/10/03	NA	62	26	64	60	29
2017/10/05	NA	38	42	16	84	46
2017/10/07	NA	64	07	55	90	10
2017/10/10	NA	52	10	78	43	07
2017/10/12	NA	69	82	36	88	27
2017/10/14	NA	54	89	90	11	52
2017/10/17	NA	45	47	62	22	68
2017/10/19	NA	57	05	01	59	09
2017/10/21	NA	05	57	26	01	29
2017/10/24	NA	27	08	75	20	82
2017/10/26	NA	18	72	87	62	34
2017/10/28	NA	22	30	46	01	55
2017/10/31	NA	25	59	84	79	67
2017/11/02	NA	70	47	64	10	61
2017/11/04	NA	65	33	04	83	80
2017/11/07	NA	82	67	24	84	02
2017/11/09	NA	11	55	57	39	87
2017/11/11	NA	31	13	52	21	10
2017/11/14	NA	40	08	59	81	01
2017/11/16	NA	06	66	05	35	67
2017/11/18	NA	69	01	78	64	37
2017/11/21	NA	68	78	25	47	82
2017/11/23	NA	50	23	90	40	29
2017/11/25	NA	06	88	12	67	09
2017/11/28	NA	55	19	59	72	18
2017/11/30	NA	18	34	72	42	25
2017/12/02	NA	30	23	90	31	28
2017/12/05	NA	26	21	16	43	51
2017/12/07	NA	64	37	28	75	72
2017/12/09	NA	69	01	51	23	56
2017/12/12	NA	25	38	35	19	45
2017/12/14	NA	21	85	30	20	90
2017/12/16	NA	76	47	73	33	36
2017/12/19	NA	15	52	49	41	72
2017/12/21	NA	73	59	22	54	50
2017/12/23	NA	14	84	50	16	29
2017/12/27	NA	88	14	22	58	35
2017/12/28	NA	21	47	33	17	58
2017/12/30	NA	62	54	45	43	51
2018/01/02	NA	45	10	41	16	13
2018/01/04	NA	51	63	75	03	39
2018/01/08	NA	55	83	63	82	84
2018/01/09	NA	84	33	06	26	46
2018/01/11	NA	70	15	39	19	53
2018/01/13	NA	07	76	85	45	38
2018/01/16	NA	53	60	72	76	54
2018/01/18	NA	81	82	24	26	21
2018/01/20	NA	40	88	85	01	20
2018/01/23	NA	05	09	36	55	17
2018/01/25	NA	55	31	54	64	48
2018/01/27	NA	25	06	14	55	81
2018/01/30	NA	09	62	50	43	29
2018/02/01	NA	25	53	70	48	39
2018/02/03	NA	45	42	36	41	83
2018/02/06	NA	29	10	63	78	74
2018/02/08	NA	33	48	52	47	39
2018/02/10	NA	23	15	89	34	39
2018/02/13	NA	64	36	07	63	49
2018/02/15	NA	85	29	66	14	23
2018/02/17	NA	74	07	22	13	30
2018/02/20	NA	42	39	27	54	82
2018/02/22	NA	55	07	67	59	57
2018/02/24	NA	54	66	75	18	68
2018/02/27	NA	06	83	39	57	07
2018/03/01	NA	24	38	49	10	58
2018/03/03	NA	66	39	14	78	43
2018/03/06	NA	58	64	77	26	89
2018/03/08	NA	85	83	73	39	71
2018/03/10	NA	13	49	85	57	02
2018/03/13	NA	40	07	37	48	34
2018/03/15	NA	16	64	61	67	41
2018/03/17	NA	56	15	83	04	21
2018/03/20	NA	41	70	28	31	63
2018/03/22	NA	09	40	32	20	90
2018/03/24	NA	67	68	42	60	04
2018/03/27	NA	26	42	24	48	88
2018/03/29	NA	05	47	83	69	46
2018/03/31	NA	30	13	52	46	64
2018/04/03	NA	46	67	48	02	07
2018/04/05	NA	06	44	78	84	21
2018/04/07	NA	61	15	09	81	19
2018/04/10	NA	64	69	43	67	18
2018/04/12	NA	51	73	87	05	64
2018/04/14	NA	46	25	19	41	10
2018/04/17	NA	89	64	38	45	17
2018/04/19	NA	73	58	43	65	50
2018/04/21	NA	45	72	09	34	84
2018/04/24	NA	86	15	83	58	79
2018/04/26	NA	03	71	79	36	65
2018/04/28	NA	62	52	41	46	57
2018/05/02	NA	85	88	23	47	75
2018/05/03	NA	52	85	44	31	17
2018/05/05	NA	29	22	27	30	26
2018/05/08	NA	62	54	79	26	59
2018/05/10	NA	28	12	48	62	81
2018/05/12	NA	47	56	39	05	68
2018/05/15	NA	04	50	64	62	59
2018/05/17	NA	05	37	69	09	19
2018/05/19	NA	02	37	31	27	57
2018/05/22	NA	15	32	23	28	82
2018/05/24	NA	87	39	03	49	12
2018/05/26	NA	23	36	27	66	33
2018/05/29	NA	25	29	52	36	41
2018/05/31	NA	86	52	51	14	74
2018/06/04	NA	15	44	86	25	23
2018/06/05	NA	67	08	03	19	56
2018/06/07	NA	54	23	88	67	53
2018/06/09	NA	02	32	69	08	89
2018/06/12	NA	80	06	69	50	89
2018/06/14	NA	31	88	56	49	62
2018/06/16	NA	40	13	57	41	63
2018/06/19	NA	56	61	36	04	69
2018/06/21	NA	79	83	05	43	56
2018/06/23	NA	04	84	30	47	70
2018/06/26	NA	83	14	58	48	25
2018/06/28	NA	55	39	06	29	68
2018/06/30	NA	83	07	14	40	58
2018/07/03	NA	66	54	29	08	44
2018/07/05	NA	50	72	62	45	01
2018/07/07	NA	48	14	22	02	26
2018/07/10	NA	31	74	52	72	60
2018/07/12	NA	57	55	86	06	32
2018/07/14	NA	86	78	87	09	01
2018/07/17	NA	14	11	35	52	04
2018/07/19	NA	27	60	43	49	15
2018/07/21	NA	82	19	20	09	44
2018/07/24	NA	50	57	40	08	62
2018/07/26	NA	27	65	53	29	19
2018/07/28	NA	63	75	85	21	83
2018/07/31	NA	22	41	75	10	74
2018/08/02	NA	54	78	59	64	11
2018/08/04	NA	41	69	24	59	17
2018/08/07	NA	35	18	08	60	48
2018/08/09	NA	11	76	57	31	86
2018/08/11	NA	27	28	33	75	53
2018/08/14	NA	30	71	31	77	29
2018/08/16	NA	18	32	39	21	85
2018/08/18	NA	34	42	69	31	73
2018/08/21	NA	50	35	51	45	69
2018/08/23	NA	61	44	65	59	46
2018/08/25	NA	25	29	21	37	11
2018/08/28	NA	71	36	52	83	49
2018/08/30	NA	85	70	41	50	47
2018/09/01	NA	62	25	45	09	73
2018/09/04	NA	80	11	26	90	42
2018/09/06	NA	80	05	25	87	69
2018/09/08	NA	05	53	57	19	66
2018/09/11	NA	87	08	03	51	29
2018/09/13	NA	09	86	25	85	22
2018/09/15	NA	41	32	68	55	57
2018/09/18	NA	33	61	08	18	24
2018/09/20	NA	08	63	23	04	74
2018/09/22	NA	28	10	42	45	83
2018/09/25	NA	27	88	85	52	68
2018/09/27	NA	22	60	17	64	71
2018/09/29	NA	68	33	54	71	11
2018/10/02	NA	13	70	19	48	42
2018/10/04	NA	17	09	31	86	56
2018/10/06	NA	82	17	84	08	35
2018/10/09	NA	56	33	52	09	16
2018/10/11	NA	18	19	52	46	39
2018/10/13	NA	01	41	71	05	60
2018/10/16	NA	56	23	40	49	22
2018/10/18	NA	48	14	23	83	77
2018/10/20	NA	19	47	46	83	28
2018/10/23	NA	09	52	39	50	57
2018/10/25	NA	90	21	83	65	78
2018/10/27	NA	33	49	40	18	82
2018/10/30	NA	31	65	16	59	74
2018/11/02	NA	62	59	36	41	74
2018/11/03	NA	75	74	03	58	46
2018/11/06	NA	75	79	32	73	58
2018/11/08	NA	86	02	14	81	03
2018/11/10	NA	89	24	83	59	58
2018/11/13	NA	45	06	82	86	10
2018/11/15	NA	70	83	44	09	29
2018/11/17	NA	02	10	13	58	43
2018/11/20	NA	42	17	12	10	25
2018/11/22	NA	16	21	22	25	19
2018/11/24	NA	09	49	40	90	54
2018/11/27	NA	12	79	06	24	52
2018/11/29	NA	69	81	85	52	25
2018/12/01	NA	29	88	32	31	16
2018/12/04	NA	61	69	26	05	71
2018/12/06	NA	74	12	27	16	03
2018/12/10	NA	14	65	81	84	69
2018/12/11	NA	38	72	53	05	80
2018/12/13	NA	21	01	69	71	19
2018/12/15	NA	27	44	53	49	36
2018/12/18	NA	88	27	18	50	07
2018/12/20	NA	74	46	01	72	03
2018/12/22	NA	15	72	32	21	64
2018/12/24	NA	01	81	77	59	16
2018/12/27	NA	55	50	07	11	89
2018/12/29	NA	55	05	31	39	78
2019/01/02	NA	21	01	20	85	14
2019/01/03	NA	56	85	26	60	08
2019/01/05	NA	22	37	90	56	15
2019/01/08	NA	44	54	27	80	56
2019/01/10	NA	01	23	82	89	74
2019/01/12	NA	70	42	45	74	14
2019/01/15	NA	65	70	04	40	77
2019/01/17	NA	72	90	71	49	36
2019/01/19	NA	11	04	21	43	64
2019/01/22	NA	74	14	38	05	13
2019/01/24	NA	12	07	30	40	06
2019/01/26	NA	61	20	50	57	74
2019/01/29	NA	07	48	81	03	79
2019/01/31	NA	30	01	05	08	74
2019/02/02	NA	05	06	70	03	86
2019/02/05	NA	36	29	32	44	79
2019/02/07	NA	23	13	44	62	12
2019/02/09	NA	79	60	63	50	52
2019/02/12	NA	09	63	86	10	49
2019/02/14	NA	86	73	18	02	17
2019/02/16	NA	75	13	66	47	89
2019/02/19	NA	29	65	66	86	57
2019/02/21	NA	22	29	04	26	77
2019/02/23	NA	51	19	28	32	23
2019/02/26	NA	06	41	71	58	84
2019/02/28	NA	09	38	90	52	42
2019/03/02	NA	81	04	56	40	86
2019/03/05	NA	90	70	58	51	55
2019/03/07	NA	82	37	09	60	53
2019/03/09	NA	08	10	18	24	16
2019/03/12	NA	84	35	88	61	89
2019/03/14	NA	17	62	45	07	03
2019/03/16	NA	87	03	33	70	16
2019/03/19	NA	02	45	66	59	89
2019/03/21	NA	57	31	20	47	21
2019/03/23	NA	03	33	81	38	86
2019/03/26	NA	16	25	61	74	02
2019/03/28	NA	08	34	82	46	27
2019/03/30	NA	84	77	74	08	75
2019/04/02	NA	43	38	72	65	81
2019/04/04	NA	59	30	07	67	36
2019/04/06	NA	56	24	41	89	66
2019/04/09	NA	82	40	86	28	71
2019/04/11	NA	77	74	51	59	68
2019/04/13	NA	63	83	18	52	86
2019/04/16	NA	56	17	78	51	80
2019/04/18	NA	86	35	40	08	51
2019/04/20	NA	83	52	81	11	04
2019/04/23	NA	40	03	37	50	04
2019/04/26	NA	14	20	55	38	81
2019/04/27	NA	43	11	83	42	01
2019/04/30	NA	28	87	68	77	55
2019/05/02	NA	21	07	33	20	67
2019/05/04	NA	05	81	03	60	34
2019/05/07	NA	01	48	79	72	81
2019/05/09	NA	89	90	62	05	82
2019/05/11	NA	76	09	45	24	19
2019/05/14	NA	89	72	27	68	59
2019/05/16	NA	14	70	67	31	80
2019/05/18	NA	65	35	24	22	79
2019/05/21	NA	68	44	53	72	43
2019/05/23	NA	71	48	88	09	44
2019/05/25	NA	19	43	56	61	80
2019/05/28	NA	28	01	89	74	44
2019/05/30	NA	77	45	24	41	35
2019/06/01	NA	01	27	55	50	19
2019/06/04	NA	60	57	35	40	23
2019/06/06	NA	22	43	84	29	05
2019/06/08	NA	05	22	07	39	26
2019/06/11	NA	60	30	22	07	39
2019/06/13	NA	53	09	35	68	11
2019/06/15	NA	56	70	49	01	40
2019/06/18	NA	21	82	73	39	03
2019/06/20	NA	90	25	89	40	29
2019/06/22	NA	54	84	36	69	70
2019/06/25	NA	56	48	29	36	44
2019/06/27	NA	72	12	10	74	35
2019/06/29	NA	16	33	75	36	49
2019/07/02	NA	38	37	19	73	31
2019/07/04	NA	59	57	15	43	61
2019/07/06	NA	47	79	72	69	43
2019/07/09	NA	46	71	63	66	29
2019/07/11	NA	08	68	78	72	07
2019/07/13	NA	65	83	45	07	37
2019/07/16	NA	56	43	32	90	70
2019/07/18	NA	52	16	35	87	40
2019/07/20	NA	26	20	85	21	10
2019/07/23	NA	34	09	78	21	80
2019/07/25	NA	84	23	01	49	87
2019/07/27	NA	18	59	41	53	29
2019/07/30	NA	54	81	45	64	19
2019/08/01	NA	82	27	40	87	68
2019/08/03	NA	03	72	53	55	23
2019/08/06	NA	08	15	47	48	77
2019/08/08	NA	05	75	74	09	81
2019/08/10	NA	15	07	69	52	73
2019/08/13	NA	41	46	62	84	42
2019/08/16	NA	56	58	05	39	44
2019/08/17	NA	88	14	23	29	54
2019/08/20	NA	87	61	45	71	76
2019/08/22	NA	37	71	88	01	03
2019/08/24	NA	87	71	79	52	19
2019/08/27	NA	64	09	33	29	57
2019/08/29	NA	53	23	88	11	79
2019/08/31	NA	79	39	60	61	35
2019/09/03	NA	21	15	02	40	29
2019/09/05	NA	42	19	43	89	56
2019/09/07	NA	33	79	52	36	39
2019/09/10	NA	17	78	53	75	42
2019/09/12	NA	31	61	77	38	42
2019/09/14	NA	76	45	54	17	09
2019/09/17	NA	63	03	21	62	27
2019/09/19	NA	89	51	67	30	32
2019/09/21	NA	69	50	14	73	19
2019/09/24	NA	68	28	69	44	02
2019/09/26	NA	81	23	84	57	46
2019/09/28	NA	41	02	07	39	26
2019/10/01	NA	52	40	75	33	15
2019/10/03	NA	20	78	89	59	48
2019/10/05	NA	42	72	74	76	24
2019/10/08	NA	28	47	35	65	17
2019/10/10	NA	25	18	24	58	13
2019/10/12	NA	43	85	47	50	78
2019/10/15	NA	48	37	35	73	68
2019/10/17	NA	23	32	45	62	19
2019/10/19	NA	22	69	90	64	31
2019/10/22	NA	21	61	79	23	27
2019/10/24	NA	57	55	23	11	58
2019/10/26	NA	73	43	69	22	85
2019/10/29	NA	85	53	43	03	80
2019/10/31	NA	08	34	25	83	59
2019/11/02	NA	15	12	49	32	03
2019/11/05	NA	18	58	69	54	48
2019/11/07	NA	73	38	63	39	67
2019/11/09	NA	37	56	34	01	49
2019/11/12	NA	58	47	83	79	38
2019/11/14	NA	70	80	67	21	50
2019/11/16	NA	14	56	22	06	80
2019/11/19	NA	78	82	51	21	85
2019/11/21	NA	25	33	52	62	60
2019/11/23	NA	83	10	08	02	74
2019/11/26	NA	79	22	41	65	21
2019/11/28	NA	60	04	70	36	33
2019/11/30	NA	56	47	04	08	17
2019/12/03	NA	80	27	17	83	45
2019/12/05	NA	73	54	04	72	51
2019/12/07	NA	42	86	20	06	07
2019/12/10	NA	67	32	06	82	37
2019/12/12	NA	08	44	84	78	56
2019/12/14	NA	21	83	20	86	90
2019/12/17	NA	52	35	82	60	67
2019/12/19	NA	75	89	71	80	48
2019/12/21	NA	70	33	10	80	12
2019/12/24	NA	41	33	39	13	35
2019/12/27	NA	32	15	34	37	80
2019/12/28	NA	20	12	90	41	69
2019/12/31	NA	52	26	09	68	83
2020/01/02	NA	79	50	75	38	30
2020/01/04	NA	28	69	90	50	01
2020/01/07	NA	54	68	35	79	75
2020/01/09	NA	51	40	12	13	09
2020/01/11	NA	37	80	40	53	41
2020/01/14	NA	81	46	41	50	66
2020/01/16	NA	37	45	66	21	20
2020/01/18	NA	22	77	89	19	41
2020/01/21	NA	83	59	46	06	77
2020/01/23	NA	89	83	38	04	42
2020/01/25	NA	74	04	76	53	12
2020/01/28	NA	72	42	38	79	74
2020/01/30	NA	05	01	06	71	81
2020/02/01	NA	46	87	76	09	40
2020/02/04	NA	65	22	55	15	89
2020/02/06	NA	89	01	29	85	66
2020/02/08	NA	39	02	68	26	16
2020/02/11	NA	08	84	17	47	42
2020/02/13	NA	58	47	27	33	20
2020/02/15	NA	43	71	19	47	44
2020/02/18	NA	01	26	61	44	12
2020/02/20	NA	44	45	10	43	42
2020/02/22	NA	36	50	13	41	78
2020/02/25	NA	23	36	15	83	51
2020/02/27	NA	82	76	17	69	80
2020/02/29	NA	51	11	48	17	47
2020/03/03	NA	85	58	76	54	33
2020/03/05	NA	85	18	90	31	75
2020/03/07	NA	06	51	87	41	18
2020/03/10	NA	44	29	13	30	46
2020/03/12	NA	31	77	48	40	39
2020/03/14	NA	54	58	60	30	47
2020/03/17	NA	32	15	46	22	84
2020/03/19	NA	20	03	11	75	78
2020/03/21	NA	25	09	52	79	43
2020/05/05	NA	08	15	39	63	78
2020/05/07	NA	46	49	88	56	38
2020/05/09	NA	45	63	79	14	85
2020/05/12	NA	18	07	35	40	45
2020/05/14	NA	07	43	88	76	77
2020/05/16	NA	75	70	32	30	64
2020/05/19	NA	20	01	59	65	83
2020/05/21	NA	25	39	70	46	88
2020/05/23	NA	07	53	88	34	75
2020/05/26	NA	15	72	84	13	75
2020/05/28	NA	41	62	21	79	25
2020/05/30	NA	41	02	58	85	03
2020/06/03	NA	09	56	35	85	28
2020/06/04	NA	33	80	12	11	20
2020/06/06	NA	23	88	80	73	28
2020/06/09	NA	03	75	47	72	31
2020/06/11	NA	47	62	84	66	14
2020/06/13	NA	71	22	31	34	38
2020/06/16	NA	39	46	79	59	19
2020/06/18	NA	62	65	60	08	66
2020/06/20	NA	78	18	63	83	61
2020/06/23	NA	43	09	75	23	02
2020/06/25	NA	47	67	51	85	80
2020/06/27	NA	43	47	49	45	03
2020/06/30	NA	17	27	76	15	57
2020/07/02	NA	59	09	63	70	18
2020/07/04	NA	61	21	32	34	31
2020/07/07	NA	88	44	31	06	08
2020/07/09	NA	07	03	69	17	54
2020/07/11	NA	02	40	88	61	90
2020/07/14	NA	49	84	88	48	85
2020/07/16	NA	18	82	86	89	44
2020/07/18	NA	02	73	34	29	90
2020/07/21	NA	73	48	02	63	08
2020/07/23	NA	49	42	25	02	53
2020/07/25	NA	52	90	34	60	54
2020/07/28	NA	21	76	77	07	19
2020/07/30	NA	58	12	38	59	26
2020/08/01	NA	73	02	31	15	79
2020/08/04	NA	83	04	82	76	07
2020/08/06	NA	50	66	43	87	55
2020/08/08	NA	74	58	75	71	11
2020/08/11	NA	19	41	78	11	47
2020/08/13	NA	75	80	20	52	47
2020/08/17	NA	54	65	76	39	63
2020/08/18	NA	80	30	22	42	60
2020/08/20	NA	53	07	59	68	60
2020/08/22	NA	11	77	48	52	85
2020/08/25	NA	07	58	02	73	25
2020/08/27	NA	33	54	63	53	31
2020/08/29	NA	81	45	67	66	20
2020/09/01	NA	43	74	32	70	48
2020/09/03	NA	28	70	47	61	51
2020/09/05	NA	03	21	50	07	13
2020/09/08	NA	59	04	25	18	41
2020/09/10	NA	07	63	60	44	28
2020/09/12	NA	14	17	63	75	20
2020/09/15	NA	45	50	29	08	38
2020/09/17	NA	88	50	77	54	33
2020/09/19	NA	53	78	88	10	20
2020/09/22	NA	26	28	47	16	79
2020/09/24	NA	59	53	67	13	86
2020/09/26	NA	58	33	06	18	56
2020/09/29	NA	39	02	72	42	78
2020/10/01	NA	73	43	87	18	52
2020/10/03	NA	06	35	61	74	51
2020/10/06	NA	44	72	46	76	80
2020/10/08	NA	53	19	76	04	88
2020/10/10	NA	42	61	40	51	53
2020/10/13	NA	13	62	40	31	56
2020/10/15	NA	43	48	79	27	39
2020/10/17	NA	21	40	24	68	85
2020/10/20	NA	34	19	84	65	05
2020/10/22	NA	89	71	31	05	32
2020/10/24	NA	72	06	50	77	68
2020/10/27	NA	23	14	11	90	20
2020/10/29	NA	31	09	27	24	33
2020/10/31	NA	28	72	33	87	40
2020/11/03	NA	66	39	25	81	51
2020/11/05	NA	72	38	43	70	42
2020/11/07	NA	10	56	18	46	44
2020/11/10	NA	69	06	51	04	08
2020/11/12	NA	28	12	88	60	77
2020/11/14	NA	15	50	90	31	38
2020/11/17	NA	34	74	35	20	38
2020/11/19	NA	57	27	74	41	02
2020/11/21	NA	86	89	19	24	49
2020/11/24	NA	20	32	07	62	56
2020/11/26	NA	53	03	04	24	90
2020/11/28	NA	81	26	19	35	09
2020/12/01	NA	42	89	17	67	25
2020/12/03	NA	71	82	13	77	05
2020/12/05	NA	28	48	25	58	44
2020/12/09	NA	69	54	75	68	15
2020/12/10	NA	19	49	80	16	09
2020/12/12	NA	64	36	63	80	59
2020/12/15	NA	70	15	58	62	31
2020/12/17	NA	88	85	58	45	75
2020/12/19	NA	05	79	49	14	76
2020/12/22	NA	16	78	65	33	83
2020/12/24	NA	35	20	83	32	22
2020/12/28	NA	40	32	65	08	10
2020/12/29	NA	31	54	70	90	51
2020/12/31	NA	80	78	16	83	65
2021/01/02	NA	78	36	48	60	84
2021/01/05	NA	27	33	26	80	41
2021/01/07	NA	80	55	26	90	63
2021/01/09	NA	04	53	07	83	19
2021/01/12	NA	33	16	13	53	56
2021/01/14	NA	84	41	81	25	04
2021/01/16	NA	58	45	68	44	04
2021/01/19	NA	47	26	05	81	52
2021/01/21	NA	07	53	05	73	88
2021/01/23	NA	29	35	79	04	65
2021/01/26	NA	87	65	76	42	54
2021/01/28	NA	81	38	82	17	89
2021/01/30	NA	48	54	37	44	84
2021/02/02	NA	22	31	09	82	49
2021/02/04	NA	77	60	46	71	25
2021/02/06	NA	75	19	28	80	62
2021/02/09	NA	15	01	05	60	75
2021/02/11	NA	05	57	37	15	61
2021/02/13	NA	89	38	01	66	46
2021/02/16	NA	41	31	83	49	29
2021/02/18	NA	54	74	12	31	25
2021/02/20	NA	09	04	39	81	38
2021/02/23	NA	16	11	48	38	69
2021/02/25	NA	48	47	77	17	40
2021/02/27	NA	56	39	72	21	50
2021/03/02	NA	06	67	37	30	09
2021/03/04	NA	31	14	50	30	23
2021/03/06	NA	73	10	04	54	03
2021/03/09	NA	86	44	77	68	02
2021/03/11	NA	61	90	81	03	35
2021/03/13	NA	63	79	42	32	81
2021/03/16	NA	42	81	09	05	78
2021/03/18	NA	05	64	46	09	32
2021/03/20	NA	13	79	76	46	17
2021/03/23	NA	40	13	60	59	73
2021/03/25	NA	54	65	35	25	15
2021/03/27	NA	15	72	29	71	38
2021/03/30	NA	59	80	64	26	27
2021/04/01	NA	21	47	27	88	58
2021/04/03	NA	31	41	86	29	77
2021/04/06	NA	55	41	42	59	77
2021/04/08	NA	48	07	56	69	01
2021/04/10	NA	70	85	57	81	90
2021/04/13	NA	32	39	60	78	66
2021/04/15	NA	06	79	84	89	73
2021/04/17	NA	44	41	79	80	66
2021/04/20	NA	89	08	10	69	77
2021/04/22	NA	23	26	24	08	29
2021/04/24	NA	47	77	36	68	66
2021/04/27	NA	03	75	20	12	29
2021/04/29	NA	30	46	73	69	18
2021/05/03	NA	57	83	30	56	63
2021/05/04	NA	53	79	77	76	83
2021/05/06	NA	50	43	15	29	16
2021/05/08	NA	45	22	88	25	75
2021/05/11	NA	20	85	57	49	37
2021/05/13	NA	53	29	42	44	47
2021/05/15	NA	86	01	90	58	02
2021/05/18	NA	42	19	01	28	24
2021/05/20	NA	11	56	37	03	84
2021/05/22	NA	07	59	19	48	73
2021/05/25	NA	14	09	75	07	28
2021/05/27	NA	65	12	67	90	72
2021/05/29	NA	54	71	38	22	65
2021/06/01	NA	36	19	13	04	77
2021/06/03	NA	51	80	57	38	27
2021/06/05	NA	38	29	06	25	11
2021/06/08	NA	34	73	40	22	53
2021/06/10	NA	16	30	62	77	36
2021/06/12	NA	72	39	62	85	35
2021/06/15	NA	89	14	60	11	16
2021/06/17	NA	27	74	63	36	90
2021/06/19	NA	27	88	02	90	51
2021/06/22	NA	88	32	53	54	86
2021/06/24	NA	87	61	26	13	15
2021/06/26	NA	81	52	89	12	20
2021/06/29	NA	49	85	82	14	76
2021/07/01	NA	35	31	61	04	05
2021/07/03	NA	61	39	68	07	01
2021/07/06	NA	77	29	75	42	67
2021/07/08	NA	59	52	22	50	46
2021/07/10	NA	55	72	29	77	25
2021/07/13	NA	83	41	01	37	19
2021/07/15	NA	81	38	13	27	09
2021/07/17	NA	59	42	38	41	02
2021/07/20	NA	26	28	04	06	45
2021/07/22	NA	68	79	70	22	72
2021/07/24	NA	22	80	25	24	41
2021/07/27	NA	05	10	41	12	58
2021/07/29	NA	04	15	88	74	86
2021/07/31	NA	14	60	74	81	17
2021/08/03	NA	40	89	71	50	32
2021/08/05	NA	60	32	20	61	66
2021/08/07	NA	06	70	74	73	86
2021/08/10	NA	42	64	52	48	86
2021/08/12	NA	82	42	44	50	65
2021/08/14	NA	81	33	35	25	84
2021/08/17	NA	83	48	52	89	54
2021/08/19	NA	26	27	83	20	32
2021/08/21	NA	01	71	74	29	06
2021/08/24	NA	51	39	36	21	90
2021/08/26	NA	53	54	87	43	26
2021/08/28	NA	54	14	42	37	41
2021/08/31	NA	44	04	76	32	77
2021/09/02	NA	50	48	70	76	67
2021/09/04	NA	49	28	83	74	77
2021/09/07	NA	57	18	24	29	88
2021/09/09	NA	49	73	21	84	22
2021/09/11	NA	70	49	12	27	21
2021/09/14	NA	54	06	85	28	20
2021/09/16	NA	66	72	40	01	45
2021/09/18	NA	22	82	43	55	04
2021/09/21	NA	06	34	05	62	38
2021/09/23	NA	89	49	88	76	24
2021/09/25	NA	68	37	17	14	19
2021/09/28	NA	90	39	76	85	26
2021/09/30	NA	77	90	25	35	74
2021/10/02	NA	19	35	89	61	56
2021/10/05	NA	20	48	07	04	85
2021/10/07	NA	29	34	64	24	51
2021/10/09	NA	67	24	04	45	41
2021/10/12	NA	48	26	74	82	12
2021/10/14	NA	48	16	13	68	55
2021/10/16	NA	72	59	13	51	60
2021/10/19	NA	56	78	52	26	54
2021/10/21	NA	63	20	09	32	90
2021/10/23	NA	33	04	54	89	56
2021/10/26	NA	89	20	31	77	27
2021/10/28	NA	77	83	12	02	67
2021/10/30	NA	71	55	34	05	36
2021/11/02	NA	84	85	07	34	77
2021/11/04	NA	36	56	02	26	47
2021/11/06	NA	51	59	40	10	84
2021/11/09	NA	12	64	79	65	14
2021/11/11	NA	27	12	55	86	69
2021/11/13	NA	85	04	87	84	55
2021/11/16	NA	03	51	77	80	18
2021/11/18	NA	89	36	43	45	82
2021/11/20	NA	76	88	67	62	40
2021/11/23	NA	81	02	78	57	76
2021/11/25	NA	52	49	24	33	32
2021/11/27	NA	41	57	27	06	82
2021/11/30	NA	18	14	53	20	01
2021/12/02	NA	72	23	51	57	22
2021/12/04	NA	74	47	84	40	05
2021/12/07	NA	28	15	06	84	30
2021/12/09	NA	77	19	89	35	79
2021/12/11	NA	56	63	20	48	51
2021/12/14	NA	89	35	22	56	18
2021/12/16	NA	14	32	35	64	79
2021/12/18	NA	06	32	73	90	67
2021/12/21	NA	23	18	38	70	57
2021/12/23	NA	65	42	69	03	74
2021/12/27	NA	06	66	70	87	67
2021/12/28	NA	84	90	36	29	68
2021/12/30	NA	57	45	69	04	32
2022/01/03	NA	17	48	23	78	55
2022/01/04	NA	70	63	09	32	26
2022/01/07	NA	01	46	22	60	39
2022/01/08	NA	88	87	32	71	22
2022/01/11	NA	79	23	72	35	21
2022/01/13	NA	86	41	74	23	56
2022/01/15	NA	02	78	30	74	05
2022/01/18	NA	54	16	19	87	58
2022/01/20	NA	87	78	42	64	62
2022/01/22	NA	68	84	14	72	56
2022/01/25	NA	43	42	52	89	64
2022/01/27	NA	31	34	42	75	76
2022/01/29	NA	66	68	17	54	87
2022/02/01	NA	68	20	84	13	12
2022/02/03	NA	74	39	13	45	48
2022/02/05	NA	47	85	84	07	53
2022/02/08	NA	29	39	15	13	17
2022/02/10	NA	69	65	68	66	26
2022/02/12	NA	51	61	80	83	43
2022/02/15	NA	57	16	84	45	81
2022/02/17	NA	49	01	12	55	74
2022/02/19	NA	14	71	46	21	74
2022/02/22	NA	06	71	35	53	23
2022/02/24	NA	57	64	84	53	42
2022/02/26	NA	58	40	72	78	14
2022/03/01	NA	05	17	88	44	60
2022/03/03	NA	59	50	18	09	12
2022/03/05	NA	16	32	69	14	38
2022/03/08	NA	06	69	54	70	24
2022/03/10	NA	29	04	50	33	83
2022/03/12	NA	11	49	21	72	55
2022/03/15	NA	74	23	51	37	35
2022/03/17	NA	41	68	10	27	54
2022/03/19	NA	25	64	66	82	07
2022/03/22	NA	15	75	59	02	88
2022/03/24	NA	26	58	57	30	37
2022/03/26	NA	61	49	83	36	67
2022/03/29	NA	17	49	31	44	88
2022/03/31	NA	71	35	62	36	28
2022/04/02	NA	65	62	64	84	74
2022/04/05	NA	35	11	42	15	51
2022/04/07	NA	84	22	69	54	37
2022/04/09	NA	85	15	34	66	68
2022/04/12	NA	58	16	86	25	39
2022/04/14	NA	71	70	50	54	17
2022/04/16	NA	30	14	62	76	02
2022/04/19	NA	45	68	18	32	74
2022/04/21	NA	83	27	82	02	39
2022/04/23	NA	45	54	07	16	83
2022/04/26	NA	74	82	33	52	36
2022/04/28	NA	51	75	20	78	37
2022/04/30	NA	65	85	62	35	66
2022/05/03	NA	46	18	83	34	25
2022/05/05	NA	32	04	51	25	38
2022/05/07	NA	75	63	13	48	69
2022/05/10	NA	26	16	47	73	21
2022/05/12	NA	22	42	24	52	90
2022/05/14	NA	64	11	21	19	48
2022/05/17	NA	85	71	82	01	39
2022/05/19	NA	33	54	78	41	19
2022/05/21	NA	88	08	61	42	26
2022/05/24	NA	54	77	76	78	21
2022/05/26	NA	56	79	14	37	90
2022/05/28	NA	82	56	51	42	02
2022/05/31	NA	21	23	59	07	61
2022/06/03	NA	67	62	89	44	05
2022/06/04	NA	79	03	82	41	57
2022/06/07	NA	11	28	43	52	58
2022/06/09	NA	21	42	19	22	28
2022/06/11	NA	72	55	41	65	68
2022/06/14	NA	44	46	48	24	08
2022/06/16	NA	18	90	57	24	51
2022/06/18	NA	04	43	07	83	50
2022/06/21	NA	83	81	33	66	46
2022/06/23	NA	34	40	81	47	29
2022/06/25	NA	50	40	28	26	05
2022/06/28	NA	60	07	27	81	74
2022/06/30	NA	20	54	09	78	26
2022/07/02	NA	51	58	75	14	37
2022/07/05	NA	88	23	07	10	26
2022/07/07	NA	41	66	23	75	22
2022/07/09	NA	37	29	70	11	61
2022/07/12	NA	27	65	77	73	81
2022/07/14	NA	76	87	37	57	20
2022/07/16	NA	17	18	89	77	19
2022/07/19	NA	50	68	52	37	82
2022/07/21	NA	59	49	45	13	89
2022/07/23	NA	18	40	90	33	37
2022/07/26	NA	22	81	35	76	28
2022/07/28	NA	06	23	34	11	48
2022/07/30	NA	31	84	12	16	76
2022/08/02	NA	58	84	78	34	47
2022/08/04	NA	10	48	04	38	88
2022/08/06	NA	29	36	34	72	43
2022/08/09	NA	43	38	60	80	19
2022/08/11	NA	38	68	22	57	83
2022/08/13	NA	48	10	76	75	04
2022/08/16	NA	49	59	66	43	75
2022/08/18	NA	26	09	49	40	20
2022/08/20	NA	37	64	19	38	29
2022/08/23	NA	20	11	81	15	84
2022/08/25	NA	71	47	30	68	26
2022/08/27	NA	05	03	09	61	26
2022/08/30	NA	14	20	41	16	67
2022/09/01	NA	77	59	89	06	19
2022/09/03	NA	70	37	45	58	27
2022/09/06	NA	17	64	52	34	26
2022/09/08	NA	18	06	68	19	59
2022/09/10	NA	26	22	36	55	28
2022/09/13	NA	53	43	83	21	52
2022/09/15	NA	83	31	07	56	15
2022/09/17	NA	63	26	71	33	46
2022/09/20	NA	46	29	68	20	17
2022/09/22	NA	46	17	66	22	88
2022/09/24	NA	12	52	49	26	14
2022/09/27	NA	48	57	03	14	32
2022/09/29	NA	61	40	38	62	80
2022/10/01	NA	76	53	48	51	58
2022/10/04	NA	25	69	30	33	45
2022/10/06	NA	56	19	62	12	68
2022/10/08	NA	63	61	84	67	17
2022/10/11	NA	27	09	73	18	78
2022/10/13	NA	52	01	28	89	26
2022/10/15	NA	05	48	29	35	07
2022/10/18	NA	37	72	67	41	25
2022/10/20	NA	18	53	74	55	31
2022/10/22	NA	71	65	43	44	90
2022/10/25	NA	06	81	61	29	70
2022/10/27	NA	88	64	54	31	27
2022/10/29	NA	86	14	45	37	66
2022/11/02	NA	68	09	77	03	32
2022/11/03	NA	46	26	37	39	03
2022/11/05	NA	10	28	33	25	43
2022/11/08	NA	64	58	56	02	06
2022/11/10	NA	55	61	03	64	28
2022/11/12	NA	18	80	49	78	81
2022/11/15	NA	08	15	19	57	27
2022/11/17	NA	74	71	41	66	07
2022/11/19	NA	73	43	04	07	61
2022/11/22	NA	14	31	16	56	41
2022/11/24	NA	17	76	61	44	54
2022/11/26	NA	70	85	76	69	34
2022/11/29	NA	36	20	68	46	71
2022/12/01	NA	78	35	31	88	27
2022/12/03	NA	79	06	22	77	25
2022/12/06	NA	72	28	16	66	29
2022/12/09	NA	40	59	52	45	06
2022/12/10	NA	51	28	81	83	59
2022/12/13	NA	52	10	87	24	20
2022/12/15	NA	83	57	43	18	23
2022/12/17	NA	08	82	59	26	38
2022/12/20	NA	46	23	29	81	87
2022/12/22	NA	53	69	04	08	15
2022/12/24	NA	12	80	69	02	67
2022/12/27	NA	05	40	65	12	49
2022/12/29	NA	34	78	83	69	32
2022/12/31	NA	18	42	46	62	58
2023/01/03	NA	90	30	67	24	60
2023/01/05	NA	15	17	62	46	63
2023/01/07	NA	01	55	56	58	43
2023/01/10	NA	59	38	25	31	28
2023/01/12	NA	52	62	41	04	63
2023/01/14	NA	15	33	11	51	86
2023/01/17	NA	88	25	62	32	31
2023/01/19	NA	48	03	53	20	30
2023/01/21	NA	73	57	77	34	33
2023/01/24	NA	35	11	23	37	74
2023/01/26	NA	39	52	65	04	73
2023/01/28	NA	39	57	68	10	08
2023/01/31	NA	37	59	07	39	43
2023/02/02	NA	64	84	26	54	14
2023/02/04	NA	32	67	19	09	35
2023/02/07	NA	16	85	76	60	18
2023/02/09	NA	24	35	19	58	79
2023/02/11	NA	60	39	41	81	59
2023/02/14	NA	87	67	02	60	25
2023/02/16	NA	42	36	59	54	57
2023/02/18	NA	45	87	28	56	69
2023/02/21	NA	20	14	74	30	64
2023/02/23	NA	75	78	47	58	28
2023/02/25	NA	80	87	38	65	57
2023/02/28	NA	43	47	01	60	89
2023/03/02	NA	73	26	83	88	84
2023/03/04	NA	90	85	38	12	21
2023/03/07	NA	83	82	72	10	04
2023/03/09	NA	08	83	19	50	84
2023/03/11	NA	39	57	61	87	82
2023/03/14	NA	73	53	33	86	90
2023/03/16	NA	73	13	61	48	71
2023/03/18	NA	61	71	64	41	67
2023/03/21	NA	82	75	69	22	20
2023/03/23	NA	48	79	66	70	67
2023/03/25	NA	06	26	52	18	08
2023/03/28	NA	83	86	57	10	09
2023/03/30	NA	85	70	73	44	42
2023/04/01	NA	52	76	03	67	57
2023/04/04	NA	46	17	86	29	59
2023/04/06	NA	28	26	84	44	11
2023/04/08	NA	23	55	46	65	09
2023/04/11	NA	39	78	20	17	76
2023/04/13	NA	12	05	77	89	60
2023/04/15	NA	15	14	67	85	76
2023/04/18	NA	84	12	71	36	66
2023/04/20	NA	13	45	77	63	39
2023/04/22	NA	12	87	53	30	17
2023/04/26	NA	12	08	86	70	64
2023/04/27	NA	72	43	17	89	47
2023/04/29	NA	27	29	13	55	37
2023/05/02	NA	17	41	33	57	80
2023/05/04	NA	11	78	51	45	77
2023/05/06	NA	04	39	78	53	69
2023/05/09	NA	14	04	13	86	30
2023/05/11	NA	44	72	59	83	12
2023/05/13	NA	19	02	62	68	15
2023/05/16	NA	83	45	74	23	52
2023/05/18	NA	17	33	85	03	50
2023/05/20	NA	54	89	06	33	44
2023/05/23	NA	29	67	61	14	45
2023/05/25	NA	20	84	04	21	66
2023/05/27	NA	20	56	26	72	39
2023/05/30	NA	86	67	81	77	79
2023/06/01	NA	82	58	03	18	42
2023/06/03	NA	33	17	57	78	04
2023/06/06	NA	20	44	58	19	45
2023/06/08	NA	37	57	28	72	74
2023/06/10	NA	13	01	18	41	58
2023/06/13	NA	67	79	38	04	81
2023/06/15	NA	66	05	73	72	01
2023/06/17	NA	76	17	89	22	14
2023/06/20	NA	38	68	63	32	64
2023/06/22	NA	66	42	28	08	63
2023/06/24	NA	25	42	71	35	45
2023/06/27	NA	72	63	26	01	49
2023/06/29	NA	16	60	38	84	65
2023/07/01	NA	23	85	72	62	19
2023/07/04	NA	44	46	48	65	81
2023/07/06	NA	40	79	24	61	52
2023/07/07	NA	08	41	86	65	83
2023/07/08	NA	32	22	72	80	52
2023/07/11	NA	05	44	66	68	23
2023/07/13	NA	19	24	40	07	43
2023/07/14	NA	58	45	77	33	42
2023/07/15	NA	04	07	26	81	25
2023/07/18	NA	57	49	84	69	82
2023/07/20	NA	63	90	13	54	66
2023/07/21	NA	10	84	17	32	22
2023/07/22	NA	20	27	42	69	08
2023/07/25	NA	07	12	55	20	41
2023/07/27	NA	64	34	51	48	78
2023/07/28	NA	56	27	67	66	24
2023/07/29	NA	16	87	81	69	54
2023/08/01	NA	71	62	84	31	29
2023/08/03	NA	22	90	17	49	65
2023/08/04	NA	70	58	76	06	38
2023/08/05	NA	86	38	80	09	57
2023/08/08	NA	24	53	35	89	55
2023/08/10	NA	31	34	60	32	27
2023/08/11	NA	39	88	49	70	68
2023/08/12	NA	14	65	26	76	83
2023/08/16	NA	37	19	27	86	65
2023/08/17	NA	78	82	50	22	13
2023/08/18	NA	82	15	68	46	47
2023/08/19	NA	87	70	78	18	71
2023/08/22	NA	68	27	05	44	14
2023/08/24	NA	13	24	10	74	02
2023/08/25	NA	70	55	02	17	74
2023/08/26	NA	02	86	28	01	75
2023/08/29	NA	41	53	72	36	50
2023/08/31	NA	13	66	22	85	19
2023/09/01	NA	31	89	62	40	59
2023/09/02	NA	06	51	76	59	41
2023/09/05	NA	35	17	40	70	20
2023/09/07	NA	43	29	61	24	53
2023/09/08	NA	51	54	56	87	11
2023/09/09	NA	54	64	46	85	55
2023/09/12	NA	88	07	72	82	89
2023/09/14	NA	27	73	16	41	31
2023/09/15	NA	49	08	33	30	78
2023/09/16	NA	13	58	68	79	76
2023/09/19	NA	01	06	02	04	66
2023/09/21	NA	70	04	07	48	17
2023/09/22	NA	09	70	69	12	33
2023/09/23	NA	85	90	81	44	02
2023/09/26	NA	81	63	78	05	67
2023/09/28	NA	68	72	50	26	05
2023/09/29	NA	42	64	09	86	70
2023/09/30	NA	06	67	14	73	82
2023/10/03	NA	79	06	75	74	61
2023/10/05	NA	16	64	75	23	51
2023/10/06	NA	45	34	75	89	90
2023/10/07	NA	78	48	26	89	90
2023/10/10	NA	79	90	83	44	39
2023/10/12	NA	39	35	24	08	63
2023/10/13	NA	03	08	55	74	42
2023/10/14	NA	30	45	52	02	08
2023/10/17	NA	73	30	34	13	44
2023/10/19	NA	54	18	22	48	87
2023/10/20	NA	65	58	89	70	41
2023/10/21	NA	88	62	71	18	41
2023/10/24	NA	64	08	67	38	07
2023/10/26	NA	38	43	80	20	28
2023/10/27	NA	62	09	70	63	79
2023/10/28	NA	73	34	38	26	86
2023/10/31	NA	62	38	04	61	55
2023/11/02	NA	19	09	84	25	11
2023/11/03	NA	08	76	77	04	27
2023/11/04	NA	42	45	26	30	44
2023/11/07	NA	28	02	10	67	49
2023/11/09	NA	76	65	01	80	85
2023/11/10	NA	78	72	53	56	88
2023/11/11	NA	84	43	76	71	44
2023/11/14	NA	17	75	13	81	16
2023/11/16	NA	27	38	12	58	85
2023/11/17	NA	17	51	46	75	62
2023/11/18	NA	46	23	29	36	31
2023/11/21	NA	46	82	54	66	61
2023/11/23	NA	72	29	22	28	67
2023/11/24	NA	07	79	77	15	69
2023/11/25	NA	34	07	54	82	14
2023/11/28	NA	01	46	84	27	41
2023/11/30	NA	30	38	69	04	65
2023/12/01	NA	69	20	79	75	09
2023/12/02	NA	71	50	48	43	88
2023/12/05	NA	20	67	89	81	21
2023/12/07	NA	39	86	01	18	57
2023/12/09	NA	83	71	68	57	62
2023/12/11	NA	20	58	62	41	51
2023/12/12	NA	23	87	86	08	45
2023/12/14	NA	56	10	75	88	37
2023/12/15	NA	90	18	21	52	05
2023/12/16	NA	32	63	57	12	19
2023/12/19	NA	48	90	30	43	14
2023/12/21	NA	69	08	83	82	89
2023/12/22	NA	70	26	72	55	88
2023/12/23	NA	10	46	77	58	25
2023/12/27	NA	60	34	73	02	45
2023/12/28	NA	63	30	52	27	34
2023/12/29	NA	03	57	88	18	32
2023/12/30	NA	07	68	53	81	46
2024/01/02	NA	03	37	45	69	63
2024/01/04	NA	55	90	79	52	03
2024/01/05	NA	49	35	28	63	09
2024/01/08	NA	27	42	49	58	44
2024/01/09	NA	80	47	48	22	76
2024/01/11	NA	70	37	19	40	44
2024/01/12	NA	13	71	89	03	41
2024/01/13	NA	05	58	16	21	06
2024/01/16	NA	18	35	78	74	36
2024/01/18	NA	74	39	61	10	03
2024/01/19	NA	25	02	60	08	75
2024/01/20	NA	60	66	77	69	13
2024/01/23	NA	20	38	69	22	08
2024/01/25	NA	63	69	13	12	44
2024/01/26	NA	63	59	87	36	45
2024/01/27	NA	61	04	43	38	12
2024/01/30	NA	24	90	60	50	65
2024/02/01	NA	68	82	36	72	19
2024/02/02	NA	27	40	85	73	86
2024/02/03	NA	45	18	87	69	05
2024/02/06	NA	15	51	86	64	47
2024/02/08	NA	90	48	43	70	68
2024/02/09	NA	86	25	55	83	90
2024/02/10	NA	60	31	62	16	07
2024/02/13	NA	08	17	34	11	40
2024/02/15	NA	61	82	05	59	24
2024/02/16	NA	65	07	24	43	76
2024/02/17	NA	10	65	66	49	25
2024/02/20	NA	23	85	34	24	61
2024/02/22	NA	57	25	90	33	44
2024/02/23	NA	06	04	27	47	55
2024/02/24	NA	81	59	76	42	60
2024/02/27	NA	63	53	71	19	34
2024/02/29	NA	03	43	24	25	78
2024/03/01	NA	10	25	66	13	56
2024/03/02	NA	81	82	34	24	26
2024/03/05	NA	55	79	11	58	07
2024/03/07	NA	59	57	45	64	72
2024/03/08	NA	05	34	67	76	19
2024/03/09	NA	41	63	29	06	44
2024/03/12	NA	57	28	27	12	64
2024/03/14	NA	87	13	04	40	88
2024/03/15	NA	01	15	65	42	73
2024/03/16	NA	89	66	11	44	14
2024/03/19	NA	48	54	67	15	21
2024/03/21	NA	46	90	29	11	70
2024/03/22	NA	27	47	86	67	50
2024/03/23	NA	53	34	51	28	78
2024/03/26	NA	20	72	59	01	52
2024/03/28	NA	80	29	28	45	39
2024/03/29	NA	34	77	45	51	60
2024/03/30	NA	73	29	69	80	21
2024/04/02	NA	30	11	06	26	38
2024/04/04	NA	87	79	05	07	11
2024/04/05	NA	33	30	03	15	40
2024/04/06	NA	18	43	82	12	62
2024/04/09	NA	65	15	52	17	05
2024/04/11	NA	90	21	23	55	62
2024/04/12	NA	58	42	20	48	26
2024/04/13	NA	62	58	64	29	05
2024/04/16	NA	70	04	51	49	71
2024/04/18	NA	18	12	80	29	19
2024/04/19	NA	29	19	23	63	50
2024/04/20	NA	24	55	49	12	37
2024/04/23	NA	05	23	25	52	73
2024/04/26	NA	13	66	86	25	49
2024/04/27	NA	34	31	01	41	51
2024/04/29	NA	80	62	88	29	35
2024/04/30	NA	45	19	49	76	56
2024/05/02	NA	34	42	13	67	11
2024/05/03	NA	12	10	29	51	84
2024/05/04	NA	81	62	82	43	50
2024/05/07	NA	46	21	49	80	73
2024/05/09	NA	69	10	03	05	12
2024/05/10	NA	67	10	23	88	40
2024/05/11	NA	58	54	43	63	52
2024/05/14	NA	12	57	42	18	33
2024/05/16	NA	79	81	84	19	62
2024/05/17	NA	65	87	82	50	35
2024/05/18	NA	81	41	42	67	39
2024/05/21	NA	86	23	73	74	31
2024/05/23	NA	14	81	45	79	21
2024/05/24	NA	68	47	87	25	81
2024/05/25	NA	72	08	43	18	44
2024/05/28	NA	11	37	79	30	09
2024/05/30	NA	71	89	12	04	32
2024/05/31	NA	13	24	12	53	10
2024/06/01	NA	83	21	87	54	11
2024/06/04	NA	77	68	14	18	88
2024/06/06	NA	29	08	10	17	86
2024/06/07	NA	64	86	61	19	78
2024/06/08	NA	47	28	70	76	01
2024/06/11	NA	80	58	41	20	22
2024/06/13	NA	77	70	33	60	05
2024/06/14	NA	69	73	71	35	50
2024/06/15	NA	33	50	63	27	57
2024/06/18	NA	20	77	39	22	12
2024/06/20	NA	22	24	87	04	06
2024/06/21	NA	51	14	59	46	69
2024/06/22	NA	42	35	05	34	77
2024/06/25	NA	13	14	36	45	67
2024/06/27	NA	66	12	52	20	40
2024/06/28	NA	19	66	33	15	13
2024/06/29	NA	70	07	63	22	39
2024/07/02	NA	16	65	85	45	21
2024/07/04	NA	11	33	02	22	72
2024/07/05	NA	67	89	06	10	09
2024/07/06	NA	56	48	77	41	15
2024/07/09	NA	15	21	47	38	76
2024/07/11	NA	90	06	17	07	04
2024/07/12	NA	25	19	77	02	31
2024/07/13	NA	82	62	88	19	39
2024/07/16	NA	26	39	31	60	80
2024/07/18	NA	15	23	39	56	16
2024/07/19	NA	29	13	85	90	41
2024/07/20	NA	10	47	28	30	48
2024/07/23	NA	59	18	06	46	39
2024/07/25	NA	59	51	06	19	47
2024/07/26	NA	10	50	29	38	70
2024/07/27	NA	32	76	19	08	44
2024/07/30	NA	49	66	17	70	65
2024/08/01	NA	20	60	76	31	02
2024/08/02	NA	36	07	16	14	51
2024/08/03	NA	15	70	46	56	61
2024/08/06	NA	20	09	23	40	55
2024/08/08	NA	69	41	34	03	14
2024/08/09	NA	37	26	31	90	28
2024/08/10	NA	83	30	39	20	40
2024/08/13	NA	35	64	62	55	41
2024/08/16	NA	14	31	04	76	47
2024/08/17	NA	58	22	39	07	06
2024/08/19	NA	16	44	47	61	75
2024/08/20	NA	43	64	13	32	11
2024/08/22	NA	13	50	38	53	42
2024/08/23	NA	20	72	01	14	70
2024/08/24	NA	43	45	10	64	59
2024/08/27	NA	53	50	36	43	20
2024/08/29	NA	56	39	20	72	07
2024/08/30	NA	28	81	87	82	51
2024/08/31	NA	02	81	65	43	79
2024/09/03	NA	78	84	42	75	43
2024/09/05	NA	66	41	65	43	24
2024/09/06	NA	09	10	64	63	17
2024/09/07	NA	36	51	09	90	52
2024/09/10	NA	63	56	32	44	80
2024/09/12	NA	35	63	29	18	14
2024/09/13	NA	24	23	62	67	41
2024/09/14	NA	65	51	90	83	17
2024/09/17	NA	65	22	43	86	59
2024/09/19	NA	37	66	33	31	48
2024/09/20	NA	07	44	01	39	34
2024/09/21	NA	02	86	22	33	44
2024/09/24	NA	09	15	78	24	84
2024/09/26	NA	23	28	87	75	59
2024/09/27	NA	53	26	21	69	38
2024/09/28	NA	73	68	24	62	05
2024/10/01	NA	75	90	11	36	23
2024/10/03	NA	56	54	47	62	11
2024/10/04	NA	03	18	12	45	76
2024/10/05	NA	02	24	71	17	80
2024/10/08	NA	06	83	27	66	48
2024/10/10	NA	46	43	55	07	35
2024/10/11	NA	44	07	85	56	69
2024/10/12	NA	16	53	46	04	11
2024/10/15	NA	46	14	72	53	36
2024/10/17	NA	24	88	56	07	86
2024/10/18	NA	48	54	63	87	67
2024/10/19	NA	05	16	49	87	02
2024/10/22	NA	09	18	12	07	06
2024/10/24	NA	16	64	75	01	48
2024/10/25	NA	66	68	87	33	75
2024/10/26	NA	34	11	65	47	86
2024/10/29	NA	42	60	82	04	05
2024/10/31	NA	32	26	29	69	01
2024/11/02	NA	53	76	64	27	42
2024/11/04	NA	09	57	32	24	40
2024/11/05	NA	51	76	23	63	30
2024/11/07	NA	21	25	11	02	77
2024/11/08	NA	51	21	54	53	69
2024/11/09	NA	19	49	82	29	36
2024/11/12	NA	49	72	70	88	29
2024/11/14	NA	89	79	61	68	15
2024/11/15	NA	61	40	75	49	39
2024/11/16	NA	10	09	63	53	78
2024/11/19	NA	41	30	70	43	47
2024/11/21	NA	63	51	82	61	07
2024/11/22	NA	39	35	65	01	14
2024/11/23	NA	20	82	23	44	57
2024/11/26	NA	01	50	64	35	36
2024/11/28	NA	59	07	30	78	29
2024/11/29	NA	05	42	06	56	13
2024/11/30	NA	90	66	76	69	23
2024/12/03	NA	25	50	49	60	52
2024/12/05	NA	59	48	66	02	86
2024/12/06	NA	69	39	07	71	12
2024/12/07	NA	79	90	49	23	38
2024/12/10	NA	17	69	04	56	41
2024/12/12	NA	40	62	17	24	15
2024/12/13	NA	44	29	46	30	56
2024/12/14	NA	42	05	21	55	11
2024/12/17	NA	80	85	65	64	36
2024/12/19	NA	57	79	80	06	14
2024/12/20	NA	10	17	06	50	04
2024/12/21	NA	70	87	83	34	89
2024/12/24	NA	12	59	69	11	77
2024/12/27	NA	37	51	26	09	76
2024/12/28	NA	09	10	15	22	48
2024/12/30	NA	43	56	15	06	25
2024/12/31	NA	88	51	71	86	30
2025/01/02	NA	29	74	89	87	27
2025/01/03	NA	75	60	78	69	11
2025/01/04	NA	25	71	16	48	28
2025/01/07	NA	49	30	64	80	05
2025/01/09	NA	49	17	10	71	87
2025/01/10	NA	50	30	03	01	36
2025/01/11	NA	11	89	01	34	80
2025/01/14	NA	47	75	45	10	21
2025/01/16	NA	75	81	35	59	17
2025/01/17	NA	90	29	38	52	68
2025/01/18	NA	46	23	25	03	06
2025/01/21	NA	90	81	79	82	62
2025/01/23	NA	21	90	48	55	37
2025/01/24	NA	32	90	61	22	23
2025/01/25	NA	67	37	02	75	81
2025/01/28	NA	27	22	44	30	77
2025/01/30	NA	43	04	45	84	53
2025/01/31	NA	01	65	38	06	15
2025/02/01	NA	87	25	66	05	33
2025/02/04	NA	54	43	50	65	76
2025/02/06	NA	85	19	83	68	44
2025/02/07	NA	38	09	16	28	56
2025/02/08	NA	78	79	83	50	70
2025/02/11	NA	37	01	17	25	32
2025/02/13	NA	55	17	47	80	90
2025/02/14	NA	27	11	61	68	02
2025/02/15	NA	26	08	90	31	34
2025/02/18	NA	89	86	65	49	14
2025/02/20	NA	62	54	33	29	31
2025/02/21	NA	45	59	25	43	79
2025/02/22	NA	57	72	39	24	25
2025/02/25	NA	64	11	49	54	66
2025/02/27	NA	53	78	04	36	90
2025/02/28	NA	56	17	50	21	46
2025/03/01	NA	44	87	90	43	60
2025/03/04	NA	09	23	57	31	30
2025/03/06	NA	44	64	06	57	13
2025/03/07	NA	36	11	54	44	06
2025/03/08	NA	60	36	53	05	66
2025/03/11	NA	08	11	13	25	38
2025/03/13	NA	12	23	89	49	54
2025/03/14	NA	70	41	53	65	34
2025/03/15	NA	49	13	89	84	28
2025/03/18	NA	24	29	42	90	27
2025/03/20	NA	66	46	35	29	82
2025/03/21	NA	50	59	38	19	57
2025/03/22	NA	41	09	17	49	70
2025/03/25	NA	82	31	77	43	25
2025/03/27	NA	59	61	50	87	09
2025/03/28	NA	80	01	38	60	54
2025/03/29	NA	69	15	14	61	66
2025/04/01	NA	65	27	10	06	66
2025/04/03	NA	89	22	84	57	80
2025/04/04	NA	47	14	55	87	45
2025/04/05	NA	60	63	75	72	06
2025/04/08	NA	50	45	37	16	27
2025/04/10	NA	62	89	01	21	29
2025/04/11	NA	28	79	49	55	41
2025/04/12	NA	12	03	48	31	24
2025/04/15	NA	28	48	38	62	76
2025/04/17	NA	84	32	71	61	22
2025/04/18	NA	38	45	18	27	90
2025/04/19	NA	38	73	33	02	09
2025/04/22	NA	65	12	09	35	24
2025/04/24	NA	24	87	62	41	28
2025/04/26	NA	60	81	05	79	89
2025/04/28	NA	40	16	28	64	18
2025/04/29	NA	56	80	34	11	29
2025/05/02	NA	87	26	22	77	39
2025/05/03	NA	28	55	58	48	24
2025/05/05	NA	70	36	85	44	04
2025/05/06	NA	12	78	75	59	38
2025/05/08	NA	09	71	20	53	10
2025/05/09	NA	53	32	83	31	78
2025/05/10	NA	33	10	38	87	72
2025/05/13	NA	63	17	76	85	07
2025/05/15	NA	27	59	39	66	58
2025/05/16	NA	09	90	74	75	76
2025/05/17	NA	14	48	06	45	81
2025/05/20	NA	11	54	68	70	82
2025/05/22	NA	49	01	83	38	43
2025/05/23	NA	33	44	39	01	22
2025/05/24	NA	13	70	03	38	45
